 0.010
 0.015
 0.020
 0.025
 0.030
 0.035
 0.040
 0.045
 0.050
 0.055
 0.060
 0.065
 0.070
 0.075
 0.080
 0.085
 0.090
 0.095
 0.100
 0.105
 0.110
 0.115
 0.120
 0.125
 0.130
 0.135
 0.140
 0.145
 0.150
 0.160
 0.170
 0.180
 0.190
 0.200
 0.210
 0.220
 0.230
 0.240
 0.250
 0.260
 0.270
 0.280
 0.290
 0.300
 0.320
 0.340
 0.360
 0.380
 0.400
 0.420
 0.440
 0.460
 0.480
 0.500
 0.520
 0.540
 0.560
 0.580
 0.600
 0.620
 0.640
 0.660
 0.680
 0.700
 0.720
 0.740
 0.760
 0.780
 0.800
 0.820
 0.840
 0.860
 0.880
 0.900
 0.920
 0.940
 0.960
 0.980
 1.000
 1.050
 1.100
 1.150
 1.200
 1.250
 1.300
 1.350
 1.400
 1.450
 1.500
 1.550
 1.600
 1.650
 1.700
 1.750
 1.800
 1.850
 1.900
 1.950
 2.000
 2.100
 2.200
 2.300
 2.400
 2.500
 2.600
 2.700
 2.800
 2.900
 3.000
 3.100
 3.200
 3.300
 3.400
 3.500
 3.600
 3.700
 3.800
 3.900
 4.000
 4.100
 4.200
 4.300
 4.400
 4.500
 4.600
 4.700
 4.800
 4.900
 5.000
 5.200
 5.400
 5.600
 5.800
 6.000
 6.200
 6.400
 6.600
 6.800
 7.000
 7.200
 7.400
 7.600
 7.800
 8.000
 8.200
 8.400
 8.600
 8.800
 9.000
 9.200
 9.400
 9.600
 9.800
10.000
10.500
11.000
11.500
12.000
12.500
13.000
13.500
14.000
14.500
15.000
15.500
16.000
16.500
17.000
17.500
18.000
18.500
19.000
19.500
20.000
21.000
22.000
23.000
24.000
25.000
26.000
27.000
28.000
29.000
30.000
32.000
34.000
36.000
38.000
40.000
42.000
44.000
46.000
48.000
50.000
60.000
70.000
80.000
90.000
100.000
125.000
150.000
175.000
200.000
