 0.250
 0.300
 0.350
 0.400
 0.450
 0.500
 0.550
 0.600
 0.650
 0.700
 0.750
 0.800
 0.850
 0.900
 0.950
 1.000
 1.100
 1.200
 1.300
 1.400
 1.500
 1.600
 1.700
 1.800
 1.900
 2.000
 2.050
 2.100
 2.150
 2.200
 2.250
 2.300
 2.350
 2.400
 2.450
 2.500
 2.550
 2.600
 2.650
 2.700
 2.750
 2.800
 2.850
 2.900
 2.950
 3.000
 3.100
 3.200
 3.300
 3.400
 3.500
 3.600
 3.700
 3.800
 3.900
 4.000
 4.050
 4.100
 4.150
 4.200
 4.250
 4.300
 4.350
 4.400
 4.450
 4.500
 4.550
 4.600
 4.650
 4.700
 4.750
 4.800
 4.850
 4.900
 4.950
 5.000
 5.050
 5.100
 5.150
 5.200
 5.250
 5.300
 5.350
 5.400
 5.450
 5.500
 5.550
 5.600
 5.650
 5.700
 5.750
 5.800
 5.850
 5.900
 5.950
 6.000
 6.100
 6.200
 6.300
 6.400
 6.500
 6.600
 6.700
 6.800
 6.900
 7.000
 7.100
 7.200
 7.300
 7.400
 7.500
 7.600
 7.700
 7.800
 7.900
 8.000
 8.050
 8.100
 8.150
 8.200
 8.250
 8.300
 8.350
 8.400
 8.450
 8.500
 8.550
 8.600
 8.650
 8.700
 8.750
 8.800
 8.850
 8.900
 8.950
 9.000
 9.050
 9.100
 9.150
 9.200
 9.250
 9.300
 9.350
 9.400
 9.450
 9.500
 9.550
 9.600
 9.650
 9.700
 9.750
 9.800
 9.850
 9.900
 9.950
10.000
10.050
10.100
10.150
10.200
10.250
10.300
10.350
10.400
10.450
10.500
10.550
10.600
10.650
10.700
10.750
10.800
10.850
10.900
10.950
11.000
11.050
11.100
11.150
11.200
11.250
11.300
11.350
11.400
11.450
11.500
11.550
11.600
11.650
11.700
11.750
11.800
11.850
11.900
11.950
12.000
12.100
12.200
12.300
12.400
12.500
12.600
12.700
12.800
12.900
13.000
13.100
13.200
13.300
13.400
13.500
13.600
13.700
13.800
13.900
14.000
14.100
14.200
14.300
14.400
14.500
14.600
14.700
14.800
14.900
15.000
15.100
15.200
15.300
15.400
15.500
15.600
15.700
15.800
15.900
16.000
16.100
16.200
16.300
16.400
16.500
16.600
16.700
16.800
16.900
17.000
17.100
17.200
17.300
17.400
17.500
17.600
17.700
17.800
17.900
18.000
18.100
18.200
18.300
18.400
18.500
18.600
18.700
18.800
18.900
19.000
19.100
19.200
19.300
19.400
19.500
19.600
19.700
19.800
19.900
20.000
20.100
20.200
20.300
20.400
20.500
20.600
20.700
20.800
20.900
21.000
21.100
21.200
21.300
21.400
21.500
21.600
21.700
21.800
21.900
22.000
22.100
22.200
22.300
22.400
22.500
22.600
22.700
22.800
22.900
23.000
23.100
23.200
23.300
23.400
23.500
23.600
23.700
23.800
23.900
24.000
24.100
24.200
24.300
24.400
24.500
24.600
24.700
24.800
24.900
25.000
25.100
25.200
25.300
25.400
25.500
25.600
25.700
25.800
25.900
26.000
26.100
26.200
26.300
26.400
26.500
26.600
26.700
26.800
26.900
27.000
27.100
27.200
27.300
27.400
27.500
27.600
27.700
27.800
27.900
28.000
28.100
28.200
28.300
28.400
28.500
28.600
28.700
28.800
28.900
29.000
29.100
29.200
29.300
29.400
29.500
29.600
29.700
29.800
29.900
30.000
30.100
30.200
30.300
30.400
30.500
30.600
30.700
30.800
30.900
31.000
31.100
31.200
31.300
31.400
31.500
31.600
31.700
31.800
31.900
32.000
32.100
32.200
32.300
32.400
32.500
32.600
32.700
32.800
32.900
33.000
33.100
33.200
33.300
33.400
33.500
33.600
33.700
33.800
33.900
34.000
34.100
34.200
34.300
34.400
34.500
34.600
34.700
34.800
34.900
35.000
35.100
35.200
35.300
35.400
35.500
35.600
35.700
35.800
35.900
36.000
36.100
36.200
36.300
36.400
36.500
36.600
36.700
36.800
36.900
37.000
37.100
37.200
37.300
37.400
37.500
37.600
37.700
37.800
37.900
38.000
38.100
38.200
38.300
38.400
38.500
38.600
38.700
38.800
38.900
39.000
39.100
39.200
39.300
39.400
39.500
39.600
39.700
39.800
39.900
40.000
41.000
42.000
43.000
44.000
45.000
46.000
47.000
48.000
49.000
50.000
51.000
52.000
53.000
54.000
55.000
56.000
57.000
58.000
59.000
60.000
65.000
70.000
75.000
80.000
85.000
90.000
95.000
100.000
