lambda            k
0.20000000   0.00000001
0.25000000   0.00000001
0.25000000   0.00000001
0.30000000   0.00000001
0.30000000   0.00000001
0.33700000   0.00000001
0.33700000   0.00000001
0.40000000   0.00000041
0.40000000   0.00000041
0.48800000   0.00002350
0.48800000   0.00002350
0.50000000   0.00002148
0.51500000   0.00002334
0.51500000   0.00002334
0.55000000   0.00000283
0.55000000   0.00000283
0.63300000   0.00000069
0.63300000   0.00000069
0.69400000   0.00000001
0.69400000   0.00000001
0.86000000   0.00000001
0.86000000   0.00000001
1.06000000   0.00000001
1.06000000   0.00000001
1.30000000   0.00000001
1.30000000   0.00000001
1.53600000   0.00000001
1.53600000   0.00000001
1.80000000   0.00000001
1.80000000   0.00000001
2.00000000   0.00000001
2.00000000   0.00000001
2.25000000   0.00000001
2.25000000   0.00000001
2.50000000   0.00000062
2.50000000   0.00000062
2.70000000   0.00000145
2.70000000   0.00000145
3.00000000   0.00001452
3.00000000   0.00001452
3.20000000   0.00000594
3.20000000   0.00000594
3.39200000   0.00000437
3.39200000   0.00000437
3.50000000   0.00001106
3.50000000   0.00001106
3.75000000   0.00008752
3.75000000   0.00008752
3.76540938   0.00010681
3.90971472   0.00022250
3.98783572   0.00049222
4.00000000   0.00057074
4.00000000   0.00057074
4.06563244   0.00091361
4.13636187   0.00121264
4.20690600   0.00135036
4.28508876   0.00133422
4.35939044   0.00159199
4.43395463   0.00097070
4.50000000   0.00116844
4.50000000   0.00116844
4.50000000   0.00116844
4.50842618   0.00123225
4.58662438   0.00217618
4.65721484   0.00317318
4.80643588   0.00411108
5.00000000   0.00409261
5.00000000   0.00409261
5.00000000   0.00409261
5.10940760   0.00464873
5.40863722   0.00441101
5.50000000   0.00482886
5.50000000   0.00482886
5.50000000   0.00482886
5.70797493   0.00729937
6.00000000   0.00569060
6.00000000   0.00569060
6.00000000   0.00569060
6.01131726   0.00575243
6.20000000   0.01026917
6.20000000   0.01026917
6.31390293   0.01532373
6.50000000   0.01100117
6.50000000   0.01100117
6.60381074   0.01414715
6.72168730   0.00806167
6.77292677   0.00711513
6.81068525   0.00968329
6.86811900   0.01655249
6.90516105   0.01948197
6.92162417   0.02104085
6.97596955   0.02106297
7.02612030   0.01402715
7.06676308   0.01130535
7.12342080   0.01145749
7.14285714   0.01136270
7.14290000   0.01136158
7.17572198   0.01146425
7.20000000   0.01137037
7.20000000   0.01137037
7.23414755   0.01075314
7.29927007   0.00746933
7.30443448   0.00736226
7.35943775   0.00829014
7.39283913   0.00933101
7.40740000   0.00953566
7.43784881   0.00981232
7.46268657   0.00753562
7.47768426   0.00625480
7.52373621   0.00198351
7.58210499   0.00454227
7.60570687   0.00062916
7.63541667   0.01749242
7.69230000   0.03795036
7.69230769   0.03795087
7.70767613   0.03548675
7.75046260   0.00858500
7.78751660   0.04690078
7.81241673   0.07670826
7.81250000   0.07680059
7.81250000   0.07680059
7.83747661   0.09220436
7.86269777   0.09714314
7.88172043   0.08708080
7.90000000   0.10973208
7.90000000   0.10973208
7.90722762   0.13827229
7.91363023   0.15820790
7.92646661   0.20885833
7.93650000   0.24671945
7.95874050   0.25800984
7.98474946   0.28227960
7.99781779   0.31617208
8.00000000   0.32212981
8.00000000   0.32212981
8.00436800   0.33538429
8.01750068   0.37588137
8.03067653   0.41375779
8.03728070   0.43301409
8.05052169   0.48140136
8.06450000   0.50245883
8.08381583   0.51013628
8.10392482   0.51855284
8.12413411   0.53754845
8.13089296   0.55317872
8.16485659   0.60077617
8.19670000   0.61194869
8.19672131   0.61198396
8.20000000   0.61679842
8.20000000   0.61679842
8.20598936   0.62476743
8.21979254   0.64617105
8.25450450   0.71672576
8.27547276   0.73933338
8.30359671   0.77278453
8.33330000   0.79621615
8.33333333   0.79624221
8.33902162   0.80072285
8.36757991   0.82900891
8.40340000   0.86971432
8.40355403   0.86990766
8.42528736   0.87483781
8.45444060   0.91813254
8.47460000   1.02176586
8.47643828   1.03377002
8.50000000   1.11682811
8.50000000   1.11682811
8.52077884   1.09993027
8.54700855   0.98346052
8.55808523   0.99278023
8.58816637   1.08830286
8.62070000   1.14514111
8.62606649   1.15000154
8.64896755   1.18587703
8.67199054   1.28039940
8.69513642   1.41674045
8.70000000   1.43487891
8.70000000   1.43487891
8.71840618   1.47190583
8.74962698   1.42855496
8.74962698   1.42855496
8.77190000   1.47694106
8.77192982   1.47701341
8.78107218   1.50779004
8.78107218   1.50779004
8.80480480   1.62206847
8.81274421   1.65703722
8.82866606   1.66260088
8.83664858   1.64359056
8.84464555   1.64026729
8.84960000   1.68171158
8.86068299   1.79054067
8.86068299   1.79054067
8.87677869   2.05612668
8.88484848   2.08048149
8.89293297   2.10946227
8.90914616   2.17217022
8.90914616   2.17217022
8.92541857   2.21840125
8.92860000   2.22793579
8.93357709   2.25321225
8.94993895   2.36932159
8.95814238   2.42190138
8.96636086   2.46027047
8.96636086   2.46027047
8.98284314   2.57058146
8.99110702   2.67029842
9.00000000   2.63883538
9.00000000   2.63883538
9.00768049   2.63154305
9.00900901   2.63055784
9.03265558   2.55890865
9.06617192   2.64554417
9.08302354   2.67203575
9.09090000   2.66748658
9.12542795   2.56434415
9.15106117   2.49055146
9.15963761   2.47025075
9.16590284   2.39816082
9.17430000   2.44795944
9.17683881   2.50719351
9.17683881   2.50719351
9.20000000   3.96540172
9.20000000   3.96540172
9.20276208   3.85515230
9.20276208   3.85515230
9.22012579   1.92417187
9.23755514   2.00038710
9.24629454   2.19245550
9.25930000   2.18054399
9.26382306   2.16708794
9.29024081   2.03543592
9.29908024   1.98922609
9.31680966   1.88486926
9.33460681   1.94282667
9.33460681   1.94282667
9.34579439   1.93687415
9.34580000   1.93685864
9.37040588   1.81618701
9.38840858   1.68114004
9.39743590   1.64047993
9.41554271   1.58885655
9.42462231   1.55788044
9.42462231   1.55788044
9.43371943   1.50884550
9.43400000   1.50719724
9.44283414   1.45151997
9.46111649   1.28437972
9.47028424   1.30743488
9.47946977   1.03058004
9.50000000   0.66326589
9.50000000   0.66326589
9.50713359   0.86428704
9.50713359   0.86428704
9.52380000   1.37841635
9.52380952   1.37819627
9.53495935   1.14604826
9.53495935   1.14604826
9.54427083   0.95530313
9.55360052   0.90468837
9.56294847   0.89749558
9.58169935   0.83288181
9.58169935   0.83288181
9.60052390   0.86116868
9.60052390   0.86116868
9.61540000   0.86064215
9.61942257   0.85061033
9.62889984   0.82694775
9.65744401   0.62387924
9.65744401   0.62387924
9.67656766   0.56524556
9.69576720   0.51711938
9.71504307   0.46346642
9.72470978   0.43930334
9.76356976   0.32925343
9.78311645   0.29004633
9.80000000   0.26559322
9.80000000   0.26559322
9.80390000   0.25938159
9.82244556   0.24698930
9.85221675   0.24322059
9.89203779   0.19253208
9.92216582   0.14711320
9.95247794   0.11860184
10.00000000   0.11674649
10.00000000   0.11674649
10.00000000   0.11674649
10.00000000   0.11674649
10.00341180   0.11539546
10.06522485   0.06607194
10.11732229   0.02906247
10.14884043   0.07147930
10.20400000   0.08569254
10.23385689   0.07584269
10.29855989   0.04905474
10.37508846   0.05803342
10.41666667   0.06792945
10.41700000   0.06791585
10.44159544   0.06070975
10.52027269   0.00193391
10.59100000   0.03009446
10.59100000   0.03009446
10.60014461   0.03485262
10.63800000   0.04306658
10.63829787   0.04305913
10.64633261   0.04285576
10.72813758   0.00586954
10.81120944   0.03621889
10.86956522   0.04472275
10.87000000   0.04472406
10.88344469   0.04499852
10.94438223   0.01249097
11.00000000   0.01254253
11.00000000   0.01254253
11.00600601   0.01216654
11.09345441   0.05278081
11.09877913   0.05395406
11.11100000   0.05613496
11.16952381   0.03893052
11.24664365   0.00924876
11.29943503   0.04457813
11.31172840   0.05125327
11.36400000   0.07115159
11.37757082   0.07464541
11.44418423   0.02357625
11.49425287   0.01763067
11.50000000   0.01814483
11.50000000   0.01814483
11.53876427   0.02472740
11.60092807   0.07495597
11.60728424   0.07791004
11.62800000   0.09026116
11.64878824   0.08993980
11.70459082   0.08261313
11.76093061   0.07582131
11.83212268   0.13950306
11.90418189   0.17899238
11.90476190   0.17912216
11.90500000   0.17917458
11.94784026   0.18835157
11.99182004   0.18394517
12.05096589   0.19361880
12.09570957   0.20947818
12.17102532   0.26346958
12.19500000   0.27190411
12.19512195   0.27192437
12.26265161   0.28038885
12.34006734   0.26335423
12.41846675   0.29253851
12.48190719   0.61525427
12.50000000   0.60269025
12.50000000   0.60269025
12.50000000   0.60269025
12.50000000   0.60269025
12.51387111   0.59433920
12.56212511   0.34758236
12.61075269   0.23810164
12.65975820   0.24942519
12.70914608   0.23045094
12.75892080   0.23290995
12.80908694   0.22599502
12.82100000   0.22359631
12.85964912   0.20237683
12.90322581   0.14669347
12.91061207   0.14200350
12.94481236   0.13018999
12.99645390   0.14348911
13.00000000   0.14304762
13.00000000   0.14304762
13.08344489   0.08580132
13.13620072   0.10948290
13.15800000   0.10481727
13.26096789   0.08955583
13.29787234   0.07396872
13.38812785   0.06293578
13.49527665   0.07357496
13.51400000   0.07196063
13.51775012   0.07160382
13.59295318   0.06549749
13.70733988   0.04362490
13.82366808   0.06162692
13.88900000   0.05366917
13.96190476   0.04461950
14.00000000   0.03884986
14.00000000   0.03884986
14.00560224   0.03824304
14.12331407   0.03410652
14.22610383   0.05295936
14.28600000   0.05745050
14.35144395   0.05712761
14.47901235   0.03952224
14.49275362   0.03833132
14.67467467   0.05904936
14.70600000   0.05598575
14.80000000   0.03464165
14.80000000   0.03464165
14.83055134   0.02985027
14.99250375   0.02890783
15.00000000   0.02971863
15.00000000   0.02971863
15.01280082   0.03128609
15.15200000   0.06354063
15.15245478   0.06361403
15.39107612   0.05227017
15.50387597   0.06438588
15.58745348   0.07069244
15.62500000   0.07408876
15.76344086   0.07034651
15.99563557   0.07045995
16.00000000   0.07185218
16.12900000   0.11282124
16.18101545   0.10024373
16.31608236   0.05813299
16.40000000   0.04948722
16.40000000   0.04948722
16.48116920   0.05609317
16.50165017   0.05967573
16.66700000   0.12890663
16.67804323   0.13154574
16.87967761   0.11591319
17.00680272   0.09055446
17.05642816   0.07502711
17.20000000   0.10184897
17.20000000   0.10184897
17.23691946   0.11032112
17.24100000   0.11136506
17.39027284   0.14720881
17.51313485   0.12284843
17.57793765   0.12303432
17.76969697   0.20254004
17.85700000   0.18878802
17.86715417   0.18473463
18.00000000   0.14419316
18.00000000   0.14419316
18.06531115   0.14274151
18.11594203   0.14407952
18.16604709   0.16864128
18.37092732   0.33242885
18.50000000   0.36020821
18.50000000   0.36020821
18.51900000   0.36333868
18.54522454   0.35954525
18.65139949   0.30340755
18.79487179   0.21751949
18.90359168   0.23246469
18.90393295   0.23248535
19.08854167   0.29696096
19.20104781   0.34537397
19.23100000   0.35821989
19.27679158   0.37083139
19.35313531   0.38702524
19.46879150   0.41266362
19.54666667   0.45188772
19.58583834   0.47725271
19.66465459   0.53662441
19.70430108   0.56936071
19.70430108   0.56936071
19.78407557   0.65234337
19.82420554   0.68632609
19.82420554   0.68632609
19.94557823   1.06727821
19.98636673   1.41567261
20.00000000   1.51584043
20.00000000   1.51584043
20.00000000   1.51584043
20.00000000   1.51584043
20.02732240   1.56772837
20.10973937   0.90198546
20.10973937   0.90198546
20.15120275   0.96207949
20.19283747   1.01242019
20.23464458   1.06796732
20.23464458   1.06796732
20.27662517   1.13099839
20.31878032   1.20110411
20.31878032   1.20110411
20.40361865   1.32676324
20.40361865   1.32676324
20.40361865   1.32676324
20.40800000   1.33197975
20.48916841   1.40596569
20.53221289   1.45242126
20.53221289   1.45242126
20.57543860   1.52337074
20.61884669   1.69100524
20.61884669   1.69100524
20.61884669   1.69100524
20.66100000   1.88569922
20.70621469   1.87597166
20.75017693   1.72785189
20.79002079   1.75515476
20.79432624   1.75946112
20.83866382   1.83814189
20.88319088   1.91006225
20.88319088   1.91006225
20.92790864   1.97740615
20.97281831   2.01129741
21.01792115   2.09979088
21.01792115   2.09979088
21.05300000   2.16944857
21.06321839   2.17956325
21.06321839   2.17956325
21.15440115   2.15681463
21.20028923   2.30355707
21.24637681   2.04347158
21.27700000   1.93506867
21.29266521   1.91903901
21.30000000   1.91175484
21.30000000   1.91175484
21.33915575   1.87194573
21.43274854   2.29877399
21.50537634   2.26873707
21.52716593   2.26227689
21.57468727   2.24385985
21.67036216   2.14968774
21.67036216   2.14968774
21.73900000   2.06439168
21.76688938   2.09950305
21.76688938   2.09950305
21.76688938   2.09950305
21.76688938   2.09950305
21.81547619   2.04711913
21.86428039   1.94716951
21.86428039   1.94716951
21.91330344   1.93843510
21.96254682   1.98956074
21.97802198   1.94391289
22.01201201   1.87129719
22.01201201   1.87129719
22.06170053   1.74960913
22.06170053   1.74960913
22.06170053   1.74960913
22.11161388   1.65509712
22.11161388   1.65509712
22.16175359   1.62320805
22.22200000   1.63519154
22.22222222   1.63497384
22.26271830   1.60327874
22.36460717   1.45034002
22.36460717   1.45034002
22.36460717   1.45034002
22.46743295   0.96052764
22.46743295   0.96052764
22.50000000   0.91474329
22.50000000   0.91474329
22.57120862   0.99699105
22.62345679   1.19071232
22.72700000   1.21452894
22.78166278   1.13765275
22.83489097   1.09163948
22.83489097   1.09163948
22.88836846   1.03972948
22.99607843   0.95840184
23.05031447   0.93371147
23.09468822   0.91708049
23.10480693   0.91358324
23.25600000   0.87518835
23.26984127   0.87070305
23.60708535   0.73192669
23.66424536   0.72088762
23.77939984   0.68288100
23.81000000   0.65870873
23.89568052   0.59615432
24.01310401   0.53681443
24.09638554   0.48826432
24.25144748   0.48276914
24.39000000   0.50487976
24.55611390   0.49132762
24.80541455   0.49778898
24.99573743   0.54782835
25.00000000   0.54733552
25.00000000   0.54733552
25.00000000   0.54733552
25.00000000   0.54733552
25.05982906   0.54741074
25.31951641   0.40844719
25.58464223   0.29157461
26.13190731   0.27320112
26.63033606   0.24165519
27.76515152   0.34732832
27.90000000   0.34063795
27.90000000   0.34063795
28.57100000   0.25639163
28.82989184   0.18735909
29.79674797   0.08007274
30.00000000   0.07776604
30.00000000   0.07776604
31.02645503   0.09256465
32.14912281   0.13103547
33.12994350   0.11533620
33.33300000   0.10823449
34.29239766   0.06948976
35.00000000   0.05339361
35.00000000   0.05339361
35.41062802   0.05269481
37.30279898   0.10496588
38.78306878   0.07105175
40.00000000   0.04323357
40.00000000   0.04323357
40.00000000   0.04323357
40.55325035   0.04073746
43.43703704   0.07391362
46.31911532   0.08752017
49.36026936   0.03741170
50.00000000   0.03772889
50.00000000   0.03772889
50.00000000   0.03772889
52.54480287   0.04695804
54.90636704   0.07344720
57.49019608   0.04170690
60.00000000   0.02278776
60.00000000   0.02278776
61.85654008   0.02276343
64.72406181   0.02603952
70.31175060   0.05567311
75.76227390   0.03296311
80.00000000   0.02820614
80.00000000   0.02820614
82.82485876   0.02748197
89.66360856   0.04553270
98.72053872   0.02410037
100.00000000   0.02384152
100.00000000   0.02384152
107.39926740   0.02253366
117.75100402   0.03389569
130.31111111   0.03335325
143.72549020   0.01331656
150.00000000   0.01198234
150.00000000   0.01198234
165.64971751   0.01117968
191.63398693   0.00947787
200.00000000   0.00619674
200.00000000   0.00619674
300.00000000   0.00033941
