lambda            k
0.20000000   1.05564331
0.21000000   0.93380587
0.21000000   0.93380587
0.22000000   0.86140385
0.22000000   0.86140385
0.23000000   0.82699841
0.23000000   0.82699841
0.24000000   0.82967917
0.24000000   0.82967917
0.25000000   0.88408061
0.25000000   0.88408061
0.25000000   0.88408061
0.25000000   0.88408061
0.25000000   0.88408061
0.26000000   0.83785974
0.26000000   0.83785974
0.27000000   0.75753743
0.27000000   0.75753743
0.28000000   0.73108186
0.28000000   0.73108186
0.29000000   0.77965147
0.29000000   0.77965147
0.30000000   0.78414997
0.30000000   0.78414997
0.30000000   0.78414997
0.30000000   0.78414997
0.30000000   0.78414997
0.31000000   0.76583180
0.31000000   0.76583180
0.32000000   0.70620911
0.32000000   0.70620911
0.33000000   0.71878075
0.33000000   0.71878075
0.33700000   0.73455756
0.33700000   0.73455756
0.34000000   0.74898830
0.34000000   0.74898830
0.35000000   0.71196257
0.35000000   0.71196257
0.35000000   0.71196257
0.35000000   0.71196257
0.36000000   0.64043412
0.36000000   0.64043412
0.37000000   0.62908775
0.37000000   0.62908775
0.37500000   0.65046624
0.38000000   0.67035930
0.38000000   0.67035930
0.39000000   0.63198399
0.39000000   0.63198399
0.39800000   0.49943108
0.40000000   0.46158508
0.40000000   0.46158508
0.40000000   0.46158508
0.40000000   0.46158508
0.40000000   0.46158508
0.40096560   0.44647401
0.40189901   0.43279841
0.40192039   0.43248669
0.40235084   0.42611223
0.40618302   0.37672736
0.40759987   0.36935029
0.41000000   0.37036207
0.41000000   0.37036207
0.41046517   0.37468819
0.41332025   0.41010761
0.41522239   0.42293487
0.41617254   0.41669770
0.41903133   0.40701252
0.42000000   0.41245450
0.42000000   0.41245450
0.42000000   0.41245450
0.42001030   0.41252576
0.42383597   0.42562379
0.42575392   0.43113448
0.42912033   0.43724050
0.43000000   0.43579019
0.43000000   0.43579019
0.43152729   0.43132047
0.43586895   0.42163349
0.43600000   0.42159873
0.43973646   0.43429602
0.44000000   0.43413165
0.44000000   0.43413165
0.44312982   0.44707797
0.44652040   0.44474098
0.45000000   0.44665545
0.45000000   0.44665545
0.45000000   0.44665545
0.45088809   0.44109113
0.45500000   0.41508245
0.45525670   0.41336248
0.45816291   0.39456589
0.46000000   0.37550781
0.46000000   0.37550781
0.46252223   0.37488863
0.46687689   0.36961011
0.47000000   0.36491514
0.47000000   0.36491514
0.47171221   0.34971846
0.47317182   0.34177759
0.47608175   0.32241304
0.47754230   0.31377001
0.47852126   0.30839239
0.47900000   0.30634801
0.48000000   0.29933490
0.48000000   0.29933490
0.48191277   0.28982940
0.48530892   0.29295360
0.48773913   0.28443215
0.48800000   0.28432911
0.48800000   0.28432911
0.49000000   0.28870819
0.49000000   0.28870819
0.49016469   0.28867123
0.49355713   0.29990695
0.49694957   0.32377606
0.50000000   0.33092131
0.50000000   0.33092131
0.50000000   0.33092131
0.50000000   0.33092131
0.50130610   0.32995578
0.50614142   0.30049808
0.51000000   0.27332037
0.51000000   0.27332037
0.51145366   0.26151681
0.51500000   0.24393611
0.51500000   0.24393611
0.51627968   0.23856395
0.52000000   0.23306563
0.52000000   0.23306563
0.52110291   0.23234595
0.52500000   0.24401060
0.52737088   0.25330181
0.53000000   0.26259526
0.53000000   0.26259526
0.53219597   0.26586382
0.53509289   0.26583358
0.53895761   0.25337860
0.54000000   0.24734305
0.54000000   0.24734305
0.54186196   0.23172757
0.54428380   0.21507149
0.54525719   0.20999985
0.54600000   0.20667363
0.54767810   0.19788534
0.55000000   0.19146921
0.55000000   0.19146921
0.55000000   0.19146921
0.55000000   0.19146921
0.55202812   0.18736376
0.55636047   0.20560056
0.55924437   0.21240217
0.56000000   0.21403229
0.56000000   0.21403229
0.56000000   0.21403229
0.56020009   0.21438813
0.56308492   0.22035859
0.56596882   0.23205922
0.56740333   0.23271811
0.57000000   0.23071580
0.57000000   0.23071580
0.57269884   0.22020354
0.57413893   0.21774820
0.57654683   0.21293359
0.57900000   0.20424978
0.58000000   0.20004204
0.58000000   0.20004204
0.58088383   0.19909158
0.58426326   0.19775915
0.58764733   0.20233879
0.59000000   0.21165798
0.59000000   0.21165798
0.59296608   0.21940681
0.59587508   0.22068630
0.59926752   0.21675569
0.60000000   0.21512684
0.60000000   0.21512684
0.60000000   0.21512684
0.60000000   0.21512684
0.60266089   0.20741617
0.60557361   0.20082804
0.60896605   0.18624611
0.61000000   0.18286277
0.61000000   0.18286277
0.61139347   0.17661793
0.61622506   0.15890488
0.61912384   0.14967599
0.62000000   0.14680111
0.62000000   0.14680111
0.62298577   0.12788852
0.62500000   0.11707846
0.62925374   0.09669558
0.63000000   0.09607735
0.63000000   0.09607735
0.63300000   0.10893746
0.63300000   0.10893746
0.63504013   0.11375406
0.64000000   0.13418229
0.64000000   0.13418229
0.64083210   0.13479044
0.64422732   0.13729511
0.64616852   0.13897165
0.64907566   0.13897690
0.65000000   0.13871149
0.65000000   0.13871149
0.65000000   0.13871149
0.65246252   0.13418184
0.65488715   0.13137894
0.66000000   0.12798561
0.66000000   0.12798561
0.66068934   0.12787329
0.66456057   0.12907938
0.66842994   0.12900897
0.67000000   0.12750595
0.67000000   0.12750595
0.67422749   0.12783071
0.67905908   0.10963214
0.68000000   0.10623065
0.68000000   0.10623065
0.68244316   0.10081197
0.68726918   0.11069284
0.69000000   0.11388149
0.69000000   0.11388149
0.69400000   0.12429164
0.69400000   0.12429164
0.69450309   0.12468986
0.70000000   0.12601461
0.70000000   0.12601461
0.70000000   0.12601461
0.70077199   0.12541506
0.71000000   0.11790422
0.71000000   0.11790422
0.72000000   0.09146248
0.72000000   0.09146248
0.73000000   0.07167556
0.73000000   0.07167556
0.74000000   0.06349657
0.74000000   0.06349657
0.75000000   0.06947670
0.75000000   0.06947670
0.76000000   0.06281338
0.76000000   0.06281338
0.77000000   0.07707944
0.77000000   0.07707944
0.78000000   0.10084442
0.78000000   0.10084442
0.79000000   0.11860121
0.79000000   0.11860121
0.80000000   0.12549365
0.80000000   0.12549365
0.80000000   0.12549365
0.81000000   0.12867945
0.81000000   0.12867945
0.82000000   0.10677723
0.82000000   0.10677723
0.83000000   0.08187701
0.83000000   0.08187701
0.84000000   0.07210578
0.84000000   0.07210578
0.85000000   0.07186602
0.85000000   0.07186602
0.86000000   0.06753298
0.86000000   0.06753298
0.86000000   0.06753298
0.86000000   0.06753298
0.87000000   0.07674893
0.87000000   0.07674893
0.88000000   0.11317316
0.88000000   0.11317316
0.89000000   0.15000560
0.89000000   0.15000560
0.90000000   0.16101488
0.90000000   0.16101488
0.90000000   0.16101488
0.91000000   0.15658321
0.91000000   0.15658321
0.92000000   0.14123787
0.92000000   0.14123787
0.93000000   0.12494709
0.93000000   0.12494709
0.94000000   0.11704471
0.94000000   0.11704471
0.95000000   0.12785031
0.95000000   0.12785031
0.96000000   0.12438867
0.96000000   0.12438867
0.97000000   0.14639218
0.97000000   0.14639218
0.98000000   0.18112480
0.98000000   0.18112480
0.99000000   0.20707219
0.99000000   0.20707219
1.00000000   0.21832196
1.00000000   0.21832196
1.00000000   0.21832196
1.00000000   0.21832196
1.01000000   0.22422771
1.01000000   0.22422771
1.02000000   0.20017195
1.02000000   0.20017195
1.03000000   0.16931886
1.03000000   0.16931886
1.04000000   0.14998780
1.04000000   0.14998780
1.05000000   0.14270052
1.05000000   0.14270052
1.06000000   0.13684134
1.06000000   0.13684134
1.06000000   0.13684134
1.06000000   0.13684134
1.07000000   0.15288376
1.07000000   0.15288376
1.08000000   0.21263646
1.08000000   0.21263646
1.09000000   0.27273133
1.09000000   0.27273133
1.10000000   0.28996816
1.10000000   0.28996816
1.10000000   0.28996816
1.10000000   0.28996816
1.11000000   0.28384842
1.11000000   0.28384842
1.12000000   0.26305796
1.12000000   0.26305796
1.13000000   0.24221362
1.13000000   0.24221362
1.14000000   0.23280568
1.14000000   0.23280568
1.15000000   0.22740507
1.15000000   0.22740507
1.16000000   0.22302867
1.16000000   0.22302867
1.17000000   0.22667255
1.17000000   0.22667255
1.18000000   0.24520913
1.19000000   0.26738081
1.19000000   0.26738081
1.20000000   0.28332965
1.20000000   0.28332965
1.20000000   0.28332965
1.21000000   0.29960400
1.21000000   0.29960400
1.22000000   0.31801952
1.22000000   0.31801952
1.23000000   0.32789161
1.23000000   0.32789161
1.24000000   0.33695652
1.24000000   0.33695652
1.25000000   0.35817221
1.25000000   0.35817221
1.25000000   0.35817221
1.26000000   0.36229211
1.26000000   0.36229211
1.27000000   0.33971067
1.27000000   0.33971067
1.28000000   0.28313834
1.28000000   0.28313834
1.29000000   0.25087927
1.29000000   0.25087927
1.30000000   0.25007086
1.30000000   0.25007086
1.30000000   0.25007086
1.30000000   0.25007086
1.31000000   0.27195453
1.31000000   0.27195453
1.32000000   0.29923770
1.32000000   0.29923770
1.33000000   0.33597960
1.33000000   0.33597960
1.34000000   0.35930234
1.34000000   0.35930234
1.35000000   0.35550000
1.35000000   0.35550000
1.36000000   0.35120627
1.36000000   0.35120627
1.37000000   0.37562546
1.37000000   0.37562546
1.38000000   0.41424408
1.38000000   0.41424408
1.39000000   0.44268550
1.39000000   0.44268550
1.40000000   0.45420383
1.40000000   0.45420383
1.40000000   0.45420383
1.40000000   0.45420383
1.41000000   0.45278228
1.41000000   0.45278228
1.42000000   0.43433423
1.42000000   0.43433423
1.43000000   0.40547641
1.43000000   0.40547641
1.44000000   0.39054381
1.44000000   0.39054381
1.45000000   0.39729338
1.45000000   0.39729338
1.46000000   0.40843505
1.46000000   0.40843505
1.47000000   0.41267307
1.47000000   0.41267307
1.48000000   0.41817631
1.48000000   0.41817631
1.49000000   0.43357480
1.49000000   0.43357480
1.50000000   0.43054620
1.50000000   0.43054620
1.51000000   0.39993123
1.51000000   0.39993123
1.52000000   0.36379015
1.52000000   0.36379015
1.53000000   0.34738552
1.53000000   0.34738552
1.53600000   0.34164871
1.53600000   0.34164871
1.54000000   0.34938407
1.54000000   0.34938407
1.55000000   0.36672030
1.55000000   0.36672030
1.56000000   0.42582620
1.56000000   0.42582620
1.57000000   0.46311049
1.57000000   0.46311049
1.58000000   0.46119816
1.58000000   0.46119816
1.59000000   0.46200397
1.59000000   0.46200397
1.60000000   0.46571213
1.60000000   0.46571213
1.60000000   0.46571213
1.61000000   0.46871775
1.61000000   0.46871775
1.62000000   0.47029844
1.62000000   0.47029844
1.63000000   0.47098752
1.63000000   0.47098752
1.64000000   0.47264996
1.64000000   0.47264996
1.65000000   0.47024340
1.65000000   0.47024340
1.66000000   0.47086198
1.66000000   0.47086198
1.67000000   0.49182027
1.67000000   0.49182027
1.68000000   0.52447325
1.68000000   0.52447325
1.69000000   0.54847031
1.69000000   0.54847031
1.70000000   0.55747974
1.70000000   0.55747974
1.70000000   0.55747974
1.71000000   0.55410686
1.71000000   0.55410686
1.72000000   0.53572561
1.72000000   0.53572561
1.73000000   0.50855740
1.73000000   0.50855740
1.74000000   0.49297139
1.74000000   0.49297139
1.75000000   0.50405629
1.75000000   0.50405629
1.76000000   0.52029752
1.76000000   0.52029752
1.77000000   0.51529531
1.77000000   0.51529531
1.78000000   0.46237133
1.78000000   0.46237133
1.79000000   0.40979052
1.79000000   0.40979052
1.80000000   0.39699116
1.80000000   0.39699116
1.80000000   0.39699116
1.80000000   0.39699116
1.80000000   0.39699116
1.81000000   0.41263532
1.81000000   0.41263532
1.82000000   0.46848118
1.82000000   0.46848118
1.83000000   0.51135794
1.83000000   0.51135794
1.84000000   0.54406415
1.84000000   0.54406415
1.85000000   0.52048988
1.85000000   0.52048988
1.86000000   0.48076721
1.86000000   0.48076721
1.87000000   0.45879801
1.87000000   0.45879801
1.88000000   0.45325279
1.89000000   0.46434402
1.89000000   0.46434402
1.90000000   0.49120518
1.90000000   0.49120518
1.91000000   0.52565286
1.91000000   0.52565286
1.92000000   0.55000419
1.92000000   0.55000419
1.93000000   0.54070011
1.93000000   0.54070011
1.94000000   0.53355883
1.94000000   0.53355883
1.95000000   0.53813300
1.95000000   0.53813300
1.96000000   0.58365648
1.96000000   0.58365648
1.97000000   0.60759227
1.97000000   0.60759227
1.98000000   0.58923648
1.98000000   0.58923648
1.98000000   0.58923648
1.99000000   0.53834449
1.99000000   0.53834449
2.00000000   0.50732172
2.00000000   0.50732172
2.00000000   0.50732172
2.00000000   0.50732172
2.00000000   0.50732172
2.00000000   0.50732172
2.01000000   0.51370875
2.01000000   0.51370875
2.02000000   0.57306433
2.02000000   0.57306433
2.03000000   0.62585040
2.03000000   0.62585040
2.03000000   0.62585040
2.04000000   0.63503011
2.04000000   0.63503011
2.05000000   0.59839414
2.05000000   0.59839414
2.06000000   0.52517044
2.06000000   0.52517044
2.07000000   0.48217539
2.07000000   0.48217539
2.08000000   0.47689449
2.09000000   0.49200376
2.09000000   0.49200376
2.10000000   0.51880508
2.10000000   0.51880508
2.11000000   0.55398235
2.11000000   0.55398235
2.12000000   0.57878217
2.12000000   0.57878217
2.13000000   0.57448093
2.13000000   0.57448093
2.14000000   0.56864833
2.14000000   0.56864833
2.15000000   0.56978424
2.15000000   0.56978424
2.16000000   0.57093662
2.16000000   0.57093662
2.17000000   0.57204235
2.17000000   0.57204235
2.18000000   0.57304622
2.18000000   0.57304622
2.19000000   0.57399501
2.19000000   0.57399501
2.20000000   0.58651023
2.20000000   0.58651023
2.21000000   0.59179698
2.21000000   0.59179698
2.22000000   0.56091569
2.22000000   0.56091569
2.23000000   0.50670148
2.23000000   0.50670148
2.24000000   0.46962219
2.24000000   0.46962219
2.25000000   0.46054578
2.25000000   0.46054578
2.25000000   0.46054578
2.25000000   0.46054578
2.26000000   0.47258263
2.26000000   0.47258263
2.27000000   0.51236858
2.27000000   0.51236858
2.28000000   0.56872125
2.28000000   0.56872125
2.29000000   0.60116743
2.29000000   0.60116743
2.30000000   0.59712964
2.30000000   0.59712964
2.31000000   0.58578312
2.31000000   0.58578312
2.32000000   0.58630175
2.32000000   0.58630175
2.33000000   0.58705304
2.33000000   0.58705304
2.34000000   0.58782805
2.34000000   0.58782805
2.35000000   0.58853120
2.35000000   0.58853120
2.36000000   0.58905873
2.36000000   0.58905873
2.37000000   0.58926267
2.37000000   0.58926267
2.38000000   0.58935360
2.38000000   0.58935360
2.39000000   0.58963661
2.39000000   0.58963661
2.40000000   0.59024227
2.40000000   0.59024227
2.41000000   0.59140667
2.41000000   0.59140667
2.42000000   0.59268950
2.42000000   0.59268950
2.43000000   0.59302567
2.43000000   0.59302567
2.44000000   0.60007016
2.44000000   0.60007016
2.45000000   0.60435907
2.45000000   0.60435907
2.46000000   0.58796626
2.46000000   0.58796626
2.47000000   0.55166330
2.47000000   0.55166330
2.48000000   0.51360688
2.48000000   0.51360688
2.49000000   0.50097946
2.49900000   0.52270358
2.50000000   0.52901091
2.50000000   0.52901091
2.50000000   0.52901091
2.50000000   0.52901091
2.50000000   0.52901091
2.50000000   0.52901091
2.50630000   0.56217378
2.50630000   0.56217378
2.51260000   0.58658236
2.51260000   0.58658236
2.51890000   0.58060120
2.51990000   0.57667260
2.52530000   0.57575023
2.52530000   0.57575023
2.53160000   0.59436995
2.53160000   0.59436995
2.53310000   0.59915792
2.53810000   0.60864887
2.54450000   0.61782145
2.54450000   0.61782145
2.55100000   0.62205468
2.55100000   0.62205468
2.55750000   0.61711375
2.55750000   0.61711375
2.56410000   0.59944580
2.56410000   0.59944580
2.57070000   0.59028227
2.57070000   0.59028227
2.57730000   0.59873401
2.57730000   0.59873401
2.58400000   0.60015092
2.58400000   0.60015092
2.59070000   0.59907279
2.59070000   0.59907279
2.59740000   0.59796920
2.59740000   0.59796920
2.60420000   0.59842673
2.60420000   0.59842673
2.61100000   0.59966676
2.61100000   0.59966676
2.61730000   0.60064117
2.61780000   0.60070671
2.62470000   0.60172809
2.62470000   0.60172809
2.63160000   0.60282952
2.63160000   0.60282952
2.63850000   0.60351304
2.63850000   0.60351304
2.64550000   0.60157272
2.64550000   0.60157272
2.65250000   0.59976405
2.65250000   0.59976405
2.65960000   0.60151359
2.65960000   0.60151359
2.66670000   0.61821855
2.66670000   0.61821855
2.67350000   0.61425972
2.67380000   0.61205848
2.68100000   0.56421122
2.68100000   0.56421122
2.68820000   0.52422049
2.68820000   0.52422049
2.69540000   0.50019351
2.69540000   0.50019351
2.70000000   0.48691728
2.70000000   0.48691728
2.70270000   0.48828188
2.70270000   0.48828188
2.71000000   0.49889319
2.71600000   0.53351292
2.71740000   0.54094467
2.71740000   0.54094467
2.72480000   0.58285200
2.72480000   0.58285200
2.73220000   0.59805562
2.73220000   0.59805562
2.73970000   0.59512430
2.73970000   0.59512430
2.74730000   0.60788635
2.74730000   0.60788635
2.75480000   0.61055322
2.75480000   0.61055322
2.76240000   0.60482088
2.76240000   0.60482088
2.77010000   0.60493143
2.77010000   0.60493143
2.77780000   0.60469098
2.77790000   0.60468740
2.78550000   0.60454601
2.78550000   0.60454601
2.79330000   0.60529603
2.79330000   0.60529603
2.80110000   0.60705708
2.80110000   0.60705708
2.80900000   0.60900495
2.80900000   0.60900495
2.81690000   0.61066411
2.81690000   0.61066411
2.82490000   0.61228611
2.82490000   0.63000000
2.83290000   0.63000000
2.83290000   0.63000000
2.84090000   0.63000000
2.84090000   0.63000000
2.84900000   0.63000000
2.84900000   0.63000000
2.85710000   0.63000000
2.85710000   0.63000000
2.86530000   0.63000000
2.86530000   0.63000000
2.87360000   0.63000000
2.87360000   0.63000000
2.88180000   0.63000000
2.88180000   0.63000000
2.89020000   0.63000000
2.89020000   0.63000000
2.89860000   0.63000000
2.89860000   0.63000000
2.90700000   0.63000000
2.90700000   0.63000000
2.91550000   0.63000000
2.91550000   0.63000000
2.92400000   0.66198896
2.92400000   0.66198896
2.93260000   0.61256909
2.93260000   0.61256909
2.94120000   0.61304548
2.94120000   0.61304548
2.94990000   0.61357258
2.94990000   0.61357258
2.95860000   0.61599927
2.95860000   0.61599927
2.96740000   0.62577096
2.96740000   0.62577096
2.97620000   0.60684221
2.97620000   0.60684221
2.98510000   0.55747255
2.98510000   0.55747255
2.99400000   0.52591468
2.99400000   0.52591468
3.00000000   0.51557835
3.00000000   0.51557835
3.00000000   0.51557835
3.00000000   0.51557835
3.00300000   0.51724627
3.00300000   0.51724627
3.01200000   0.54850682
3.01200000   0.54850682
3.02110000   0.63820778
3.02110000   0.63820778
3.03030000   0.69336610
3.03030000   0.69336610
3.03640000   0.69965177
3.03950000   0.69343252
3.03950000   0.69343252
3.04880000   0.68470955
3.04880000   0.68470955
3.05810000   0.62757030
3.05810000   0.62757030
3.06750000   0.56272887
3.06750000   0.56272887
3.07690000   0.52357332
3.07690000   0.52357332
3.08640000   0.52104540
3.09600000   0.53426200
3.09600000   0.53426200
3.10560000   0.56062661
3.10560000   0.56062661
3.11530000   0.59643266
3.11530000   0.59643266
3.12500000   0.62366499
3.12500000   0.62366499
3.13480000   0.62215959
3.13490000   0.62192520
3.14470000   0.61340377
3.14470000   0.61340377
3.15460000   0.62982754
3.15460000   0.62982754
3.16460000   0.62032402
3.16460000   0.62032402
3.17460000   0.56968756
3.17460000   0.56968756
3.18470000   0.51248186
3.18470000   0.51248186
3.19490000   0.48627286
3.19490000   0.48627286
3.20000000   0.47850670
3.20000000   0.47850670
3.20510000   0.47681164
3.20510000   0.47681164
3.21540000   0.50984791
3.21540000   0.50984791
3.22580000   0.57704579
3.22590000   0.57766209
3.23620000   0.63600539
3.23620000   0.63600539
3.24680000   0.64104520
3.24690000   0.64087306
3.25730000   0.61768605
3.25730000   0.61768605
3.26000000   0.61292641
3.26600000   0.60869302
3.27870000   0.59939219
3.27870000   0.59939219
3.28950000   0.59545976
3.28950000   0.59545976
3.30030000   0.60192866
3.30030000   0.60192866
3.31130000   0.61611092
3.31130000   0.61611092
3.32230000   0.62245857
3.32230000   0.62245857
3.33330000   0.62378072
3.33330000   0.62378072
3.34450000   0.63332927
3.34450000   0.63332927
3.35570000   0.62123372
3.35570000   0.62123372
3.36700000   0.55059324
3.36700000   0.55059324
3.37840000   0.51101794
3.37840000   0.51101794
3.38980000   0.52728065
3.38980000   0.52728065
3.39200000   0.53271990
3.39200000   0.53271990
3.40140000   0.56000191
3.40140000   0.56000191
3.40430000   0.57065591
3.41300000   0.61941333
3.41300000   0.61941333
3.42470000   0.67817302
3.42470000   0.67817302
3.43640000   0.65509509
3.43640000   0.65509509
3.44830000   0.54111126
3.44830000   0.54111126
3.46020000   0.48344414
3.46020000   0.48344414
3.46430000   0.47260647
3.47220000   0.45047550
3.47220000   0.45047550
3.47650000   0.45068229
3.49650000   0.51201847
3.50000000   0.52797313
3.50000000   0.52797313
3.50000000   0.52797313
3.50000000   0.52797313
3.50880000   0.56650497
3.50880000   0.56650497
3.52110000   0.60038130
3.52110000   0.60038130
3.53360000   0.61383129
3.53360000   0.61383129
3.54610000   0.61847316
3.54610000   0.61847316
3.55870000   0.61865011
3.55870000   0.61865011
3.57140000   0.61583019
3.57140000   0.61583019
3.58420000   0.61778338
3.58420000   0.61778338
3.59710000   0.61466797
3.59710000   0.61466797
3.61010000   0.61182455
3.61010000   0.61182455
3.62320000   0.61251564
3.62320000   0.61251564
3.63640000   0.61511478
3.63640000   0.61511478
3.64760000   0.61726961
3.64960000   0.61759689
3.66300000   0.62030765
3.66300000   0.62030765
3.67650000   0.62579787
3.67650000   0.62579787
3.69000000   0.64179517
3.69000000   0.64179517
3.70370000   0.62257954
3.70370000   0.62257954
3.71750000   0.56362222
3.71750000   0.56362222
3.73130000   0.51094134
3.73130000   0.51094134
3.74530000   0.48957348
3.74530000   0.48957348
3.75000000   0.48696228
3.75000000   0.48696228
3.75940000   0.49168646
3.75940000   0.49168646
3.77360000   0.52804774
3.77360000   0.52804774
3.78790000   0.58104725
3.78790000   0.58104725
3.80230000   0.66298072
3.80230000   0.66298072
3.81630000   0.68094601
3.81680000   0.68001334
3.83140000   0.65070816
3.83140000   0.65070816
3.84100000   0.63319112
3.84620000   0.62730751
3.84620000   0.62730751
3.86100000   0.60829591
3.87600000   0.56935862
3.87600000   0.56935862
3.89110000   0.54391881
3.89110000   0.54391881
3.90630000   0.58940135
3.90630000   0.58940135
3.92160000   0.65282215
3.92160000   0.65282215
3.93200000   0.67390241
3.93260000   0.67753683
3.93410000   0.68490535
3.93700000   0.69002785
3.95260000   0.68105386
3.96330000   0.65794525
3.96830000   0.62076095
3.98410000   0.37261285
4.00000000   0.37337286
4.00000000   0.37337286
4.00000000   0.37337286
4.00000000   0.37337286
4.00000000   0.37337286
4.00000000   0.37337286
4.00000000   0.37337286
4.00000000   0.37337286
4.01610000   0.49997398
4.01610000   0.49997398
4.03160000   0.64537148
4.03230000   0.65527092
4.03230000   0.65527092
4.04860000   0.67755735
4.04960000   0.67558902
4.06500000   0.52747817
4.06500000   0.52747817
4.08160000   0.51113481
4.09340000   0.50046615
4.09840000   0.49542115
4.11520000   0.49449983
4.11520000   0.49449983
4.13220000   0.54477338
4.13220000   0.54477338
4.13410000   0.55105459
4.14940000   0.60828147
4.14940000   0.60828147
4.16570000   0.65543961
4.16670000   0.65708158
4.19410000   0.70134849
4.20170000   0.71603235
4.20170000   0.71603235
4.21940000   0.69389228
4.21940000   0.69389228
4.23730000   0.64588071
4.23730000   0.64588071
4.25530000   0.64171763
4.25530000   0.64171763
4.27350000   0.66399092
4.27350000   0.66399092
4.29130000   0.67677387
4.29180000   0.67483140
4.30770000   0.63251035
4.31030000   0.62909356
4.31030000   0.62909356
4.32900000   0.61597784
4.32900000   0.61597784
4.33600000   0.63616349
4.34780000   0.67227063
4.34780000   0.67227063
4.36480000   0.75922441
4.36680000   0.76849981
4.37800000   0.79056444
4.38600000   0.78170790
4.40430000   0.81389788
4.40530000   0.80955727
4.40530000   0.80955727
4.42430000   0.67124866
4.42480000   0.66879580
4.43430000   0.59489542
4.44440000   0.53692547
4.44440000   0.53692547
4.46430000   0.42673852
4.46430000   0.42673852
4.50000000   0.47816266
4.50000000   0.47816266
4.50000000   0.47816266
4.50000000   0.47816266
4.50430000   0.48766247
4.50450000   0.48834584
4.50720000   0.49771777
4.52490000   0.56414754
4.52490000   0.56414754
4.53720000   0.60283478
4.54530000   0.64526488
4.54550000   0.64575692
4.56620000   0.70102150
4.56620000   0.70102150
4.60330000   0.64562234
4.60830000   0.62382058
4.62960000   0.62676483
4.62960000   0.62676483
4.65120000   0.63215901
4.65120000   0.63215901
4.67290000   0.63647058
4.67290000   0.63647058
4.69480000   0.64779389
4.69480000   0.64779389
4.71700000   0.63669044
4.71700000   0.63669044
4.73930000   0.60919318
4.73930000   0.60919318
4.76190000   0.59225774
4.76190000   0.59225774
4.78470000   0.56416202
4.78470000   0.56416202
4.80770000   0.52703034
4.83090000   0.49886984
4.83090000   0.49886984
4.85440000   0.49156108
4.85440000   0.49156108
4.87800000   0.52610516
4.90200000   0.57450556
4.90200000   0.57450556
4.92610000   0.58379104
4.92610000   0.58379104
4.95050000   0.58093045
4.95050000   0.58093045
4.97500000   0.46280746
4.97510000   0.46277225
5.00000000   0.56046894
5.00000000   0.56046894
5.00000000   0.56046894
5.00000000   0.56046894
5.00000000   0.56046894
5.00000000   0.56046894
5.00000000   0.56046894
5.00000000   0.56046894
5.00937500   0.61092852
5.02510000   0.71432953
5.02510000   0.71432953
5.04204055   0.89031623
5.05050000   0.92149372
5.05050000   0.92149372
5.07610000   0.91348953
5.07610000   0.91348953
5.09424177   0.85494120
5.10200000   0.86919124
5.10200000   0.86919124
5.12820000   0.88528659
5.12820000   0.88528659
5.13130000   0.87835826
5.15460000   0.81735213
5.15460000   0.81735213
5.16226385   0.78794819
5.18130000   0.71053996
5.20330000   0.68492933
5.20810000   0.67675085
5.23560000   0.71719319
5.23560000   0.71719319
5.26320000   0.75466157
5.26320000   0.75466157
5.27805441   0.74897030
5.29100000   0.77345322
5.29100000   0.77345322
5.31910000   0.81036551
5.31910000   0.81036551
5.34760000   0.82542045
5.34760000   0.82542045
5.37630000   0.84043731
5.37630000   0.84043731
5.38240000   0.84296858
5.39376978   0.86936372
5.40540000   0.85416387
5.40540000   0.85416387
5.43480000   0.77078730
5.43480000   0.77078730
5.46450000   0.61129371
5.46450000   0.61129371
5.49450000   0.53290168
5.49450000   0.53290168
5.50000000   0.53479239
5.50000000   0.53479239
5.50000000   0.53479239
5.52490000   0.58946964
5.52490000   0.58946964
5.55560000   0.71592752
5.55560000   0.71592752
5.58660000   0.81173622
5.58660000   0.81173622
5.60024452   0.82954012
5.61800000   0.82145013
5.61800000   0.82145013
5.64970000   0.73718058
5.64970000   0.73718058
5.68100000   0.60650574
5.68180000   0.60594630
5.71430000   0.64194737
5.71430000   0.64194737
5.73030000   0.66990350
5.74710000   0.69635533
5.74710000   0.69635533
5.78030000   0.74965842
5.81400000   0.74941331
5.81400000   0.74941331
5.81691736   0.75141140
5.84800000   0.70422460
5.88240000   0.63049139
5.91720000   0.54494730
5.91720000   0.54494730
5.94800000   0.53217752
5.95240000   0.53794307
5.95240000   0.53794307
5.98800000   0.51977476
5.98800000   0.51977476
6.00000000   0.53582590
6.00000000   0.53582590
6.00000000   0.53582590
6.00000000   0.53582590
6.00000000   0.53582590
6.00000000   0.53582590
6.02410000   0.53777894
6.02410000   0.53777894
6.06060000   0.73898177
6.06060000   0.73898177
6.06458068   0.75625007
6.09760000   0.86931970
6.09760000   0.86931970
6.13500000   0.60683299
6.13500000   0.60683299
6.17230000   0.54130154
6.17280000   0.54160109
6.20000000   0.52691908
6.20000000   0.52691908
6.21120000   0.51607583
6.21120000   0.51607583
6.23930000   0.51075622
6.25000000   0.52171049
6.25000000   0.52171049
6.27345259   0.53976063
6.28930000   0.55252894
6.32910000   0.55336793
6.32910000   0.55336793
6.36940000   0.62562099
6.36940000   0.62562099
6.41030000   0.74299693
6.41030000   0.74299693
6.45160000   0.72969167
6.45160000   0.72969167
6.47054096   0.70405768
6.49350000   0.67906357
6.49350000   0.67906357
6.50000000   0.67364633
6.50000000   0.67364633
6.50000000   0.67364633
6.51985587   0.64736207
6.53590000   0.63342094
6.53590000   0.63342094
6.57890000   0.59016896
6.57890000   0.59016896
6.62250000   0.59413112
6.62250000   0.59413112
6.66670000   0.65871448
6.66670000   0.65871448
6.71140000   0.74058804
6.71140000   0.74058804
6.75680000   0.80429073
6.75680000   0.80429073
6.78700156   0.82672373
6.80270000   0.81252621
6.80270000   0.81252621
6.84930000   0.78281242
6.84930000   0.78281242
6.89660000   0.65438227
6.89660000   0.65438227
6.92003014   0.56734978
6.94440000   0.50960890
6.94440000   0.50960890
6.97300000   0.50594257
6.99300000   0.52283425
7.00000000   0.52869951
7.00000000   0.52869951
7.00000000   0.52869951
7.00000000   0.52869951
7.04230000   0.66167266
7.04230000   0.66167266
7.09220000   0.82704981
7.09220000   0.82704981
7.09854411   0.81723721
7.14270000   0.72604323
7.14290000   0.72490611
7.17420000   0.54656232
7.19420000   0.49563205
7.20000000   0.48654642
7.20000000   0.48654642
7.22799869   0.46907272
7.24640000   0.44985510
7.26640000   0.47857195
7.29930000   0.57428050
7.29930000   0.57428050
7.31250000   0.61562723
7.31250000   0.61562723
7.35290000   0.73156367
7.35290000   0.73156367
7.40740000   0.79791750
7.40740000   0.79791750
7.43000000   0.84238262
7.46270000   0.89978593
7.46270000   0.89978593
7.50000000   0.91013441
7.51880000   0.90305651
7.51880000   0.90305651
7.56476676   0.85189201
7.57580000   0.84081778
7.57580000   0.84081778
7.59739033   0.81290631
7.63360000   0.76175632
7.63360000   0.76175632
7.69230000   0.68189428
7.69230000   0.68189428
7.75190000   0.62711594
7.75190000   0.62711594
7.87400000   0.39468026
7.87600000   0.39554553
7.90000000   0.42534458
7.90000000   0.42534458
7.93650000   0.45352615
7.93650000   0.45352615
7.96706634   0.54498620
8.00000000   0.64017144
8.00000000   0.64017144
8.00000000   0.64017144
8.00000000   0.64017144
8.00000000   0.64017144
8.00000000   0.64017144
8.03653851   0.68562961
8.06450000   0.70832663
8.06450000   0.70832663
8.13010000   0.63922042
8.13010000   0.63922042
8.19670000   0.53922004
8.19670000   0.53922004
8.20000000   0.53304264
8.20000000   0.53304264
8.26450000   0.52395510
8.26450000   0.52395510
8.33330000   0.66004576
8.33330000   0.66004576
8.40340000   0.74995264
8.40340000   0.74995264
8.47460000   0.73794962
8.47460000   0.73794962
8.50000000   0.73018653
8.50000000   0.73018653
8.50000000   0.73018653
8.50365369   0.72684975
8.54700000   0.68375173
8.54700000   0.68375173
8.55193643   0.67856397
8.62070000   0.54934995
8.62070000   0.54934995
8.69570000   0.48127683
8.69570000   0.48127683
8.70000000   0.48672411
8.70000000   0.48672411
8.77190000   0.57818440
8.77190000   0.57818440
8.84960000   0.82054880
8.84960000   0.82054880
8.90959536   0.75042043
8.92860000   0.68664574
8.92860000   0.68664574
8.95182634   0.59729500
9.00000000   0.49654845
9.00000000   0.49654845
9.00000000   0.49654845
9.00000000   0.49654845
9.00000000   0.49654845
9.00000000   0.49654845
9.00900000   0.46788819
9.00900000   0.46788819
9.09090000   0.38460951
9.09090000   0.38460951
9.16687825   0.55190082
9.17430000   0.57496825
9.17430000   0.57496825
9.20000000   0.65971318
9.20000000   0.65971318
9.25930000   0.83176946
9.25930000   0.83176946
9.27603788   0.85526707
9.30390000   0.85573033
9.34530000   0.81334335
9.38380000   0.76449228
9.43400000   0.63788316
9.44392198   0.63485889
9.50000000   0.56897151
9.50000000   0.56897151
9.50000000   0.56897151
9.52380000   0.64160731
9.52380000   0.64160731
9.61540000   0.80451794
9.61540000   0.80451794
9.67394285   0.80184845
9.70870000   0.72779049
9.70870000   0.72779049
9.75174834   0.49994950
9.80000000   0.35928689
9.80000000   0.35928689
9.80390000   0.34731398
9.90100000   0.18170636
9.90100000   0.18170636
9.93846154   0.28292278
9.96923077   0.37148215
10.00000000   0.47256439
10.00000000   0.47256439
10.00000000   0.47256439
10.00000000   0.47256439
10.00000000   0.47256439
10.00000000   0.47256439
10.00000000   0.47256439
10.00000000   0.47256439
10.00000000   0.47256439
10.05120481   0.58860465
10.05985908   0.61824597
10.10100000   0.74034031
10.10100000   0.74034031
10.20410000   0.80058650
10.20410000   0.80058650
10.30612017   0.61411622
10.30930000   0.62515885
10.30930000   0.62515885
10.33846154   0.71158904
10.41670000   0.75540773
10.41670000   0.75540773
10.43076923   0.75180708
10.43891348   0.73153849
10.50000000   0.66980694
10.52630000   0.66593375
10.52630000   0.66593375
10.55384615   0.65544908
10.59100000   0.65276859
10.59100000   0.65276859
10.63330000   0.60499068
10.63830000   0.59715003
10.64501354   0.58976442
10.70744156   0.68981727
10.73846154   0.78417951
10.75270000   0.82649346
10.75270000   0.82649346
10.86960000   0.62731053
10.86960000   0.62731053
10.98900000   0.51243479
10.98900000   0.51243479
11.00000000   0.51564652
11.00000000   0.51564652
11.00000000   0.51564652
11.00000000   0.51564652
11.00000000   0.51564652
11.00000000   0.51564652
11.01440518   0.52138021
11.04615385   0.52828525
11.05750672   0.53164357
11.10769231   0.61481394
11.11110000   0.62097333
11.11110000   0.62097333
11.23500000   0.79819601
11.23600000   0.79675407
11.36360000   0.66993547
11.36360000   0.66993547
11.38379682   0.68480679
11.38461538   0.68534106
11.47972585   0.75657914
11.49430000   0.75720935
11.49430000   0.75720935
11.50000000   0.75718360
11.50000000   0.75718360
11.50000000   0.75718360
11.62790000   0.82965634
11.62790000   0.82965634
11.76470000   0.85342977
11.76470000   0.85342977
11.78461538   0.83800864
11.85710912   0.79628494
11.90480000   0.74411166
11.90490000   0.74406123
11.96923077   0.73944121
11.99944955   0.73422013
12.00000000   0.73406455
12.00000000   0.73406455
12.00000000   0.73406455
12.00000000   0.73406455
12.02050000   0.72700542
12.04820000   0.72527402
12.04920000   0.72553997
12.19510000   0.95140621
12.19510000   0.95140621
12.27692308   0.84399058
12.28789584   0.83249431
12.31570000   0.79213229
12.33791637   0.75901997
12.34570000   0.74486701
12.43076923   0.68380798
12.50000000   0.70054846
12.50000000   0.70054846
12.50000000   0.70054846
12.50000000   0.70054846
12.50000000   0.70054846
12.65820000   0.87634955
12.65820000   0.87634955
12.73794846   0.78622720
12.73846154   0.78608556
12.75116496   0.77979847
12.82050000   0.67854287
12.98700000   0.50376188
12.98700000   0.50376188
13.00000000   0.51748845
13.00000000   0.51748845
13.00000000   0.51748845
13.00000000   0.51748845
13.00000000   0.51748845
13.00000000   0.51748845
13.01499219   0.52791302
13.01538462   0.52821984
13.04615385   0.55933725
13.15790000   0.87305626
13.15790000   0.87305626
13.18626957   0.84513117
13.29230769   0.97259117
13.33330000   0.91081081
13.33330000   0.91081081
13.35360119   0.88910151
13.50000000   1.02714250
13.51350000   1.03300162
13.51350000   1.03300162
13.53846154   1.05946991
13.54953507   1.07687733
13.63050274   1.05401674
13.69360000   0.90898959
13.69800000   0.89658796
13.81538462   0.69607077
13.83090000   0.67890938
13.84615385   0.65188309
13.88390000   0.62119730
13.90740429   0.62808809
14.00000000   0.74206441
14.00000000   0.74206441
14.00000000   0.74206441
14.00000000   0.74206441
14.00000000   0.74206441
14.00000000   0.74206441
14.04188240   0.81842741
14.08450000   0.92184431
14.08450000   0.92184431
14.12307692   0.99972377
14.18402147   1.18561310
14.20570000   1.16227499
14.25570000   1.09114280
14.36923077   0.86198909
14.46078083   0.96437171
14.46153846   0.96545570
14.49230000   0.98625302
14.49280000   0.98680339
14.50000000   0.99319124
14.50000000   0.99319124
14.50000000   0.99319124
14.53187457   1.00812794
14.58461538   1.12471199
14.70390000   1.02232928
14.70590000   1.01841220
14.73754019   0.97124169
14.80000000   1.00926544
14.80000000   1.00926544
14.89230769   0.80580009
14.92540000   0.83200647
14.92540000   0.83200647
14.98337474   0.88135856
15.00000000   0.90785912
15.00000000   0.90785912
15.00000000   0.90785912
15.00000000   0.90785912
15.00000000   0.90785912
15.00000000   0.90785912
15.01538462   0.93874454
15.01617120   0.94042145
15.04615385   0.97569894
15.15150000   1.06868258
15.15150000   1.06868258
15.16750182   1.15121111
15.20000000   1.24190720
15.20000000   1.24190720
15.35789272   1.20245859
15.38460000   1.20477327
15.38460000   1.20477327
15.40000000   1.21899986
15.40000000   1.21899986
15.41538462   1.24153915
15.44397682   1.29713619
15.44615385   1.30138731
15.50000000   1.38713802
15.50769231   1.41309961
15.57926405   1.42288912
15.60000000   1.39430846
15.60000000   1.39430846
15.62500000   1.42049082
15.62500000   1.42049082
15.75384615   1.56872817
15.78187491   1.58883820
15.80000000   1.59190351
15.80000000   1.59190351
15.81538462   1.58888558
15.85226186   1.53795013
15.87300000   1.54011401
15.87300000   1.54011401
16.00000000   1.68220996
16.00000000   1.68220996
16.00000000   1.68220996
16.00000000   1.68220996
16.05820772   1.66945071
16.06153846   1.66568243
16.12307692   1.88455329
16.12900000   1.92515713
16.12900000   1.92515713
16.15384615   1.91779628
16.20000000   1.94110150
16.20000000   1.94110150
16.20000000   1.94110150
16.30769231   1.80472084
16.33055514   1.95087989
16.36532317   2.01722293
16.39340000   2.08061287
16.39340000   2.08061287
16.40000000   2.09085306
16.40000000   2.09085306
16.40000000   2.09085306
16.40000000   2.09085306
16.40000000   2.09085306
16.58461538   2.23377495
16.60000000   2.23873744
16.60000000   2.23873744
16.60000000   2.23873744
16.61538462   2.24496864
16.64615385   2.27092054
16.66670000   2.27717314
16.66670000   2.27717314
16.70350563   2.40998350
16.80000000   2.39962973
16.80000000   2.39962973
16.80000000   2.39962973
16.89115778   2.28222714
16.94919799   2.29337830
16.94920000   2.29337814
16.94920000   2.29337814
17.00000000   2.27572014
17.00000000   2.27572014
17.00000000   2.27572014
17.00000000   2.27572014
17.04615385   2.26564568
17.07692308   2.23136043
17.07692308   2.23136043
17.19531690   2.63033469
17.20000000   2.65149254
17.20000000   2.65149254
17.20000000   2.65149254
17.20000000   2.65149254
17.20000000   2.65149254
17.24140000   2.81387165
17.24140000   2.81387165
17.30000000   3.01280181
17.40000000   3.16086314
17.40000000   3.16086314
17.40000000   3.16086314
17.44615385   3.18885882
17.47193408   3.15851844
17.50000000   3.11584269
17.53846154   3.07095809
17.54390000   3.07036667
17.54390000   3.07036667
17.60000000   2.97613117
17.60000000   2.97613117
17.60000000   2.97613117
17.60000000   2.97613117
17.71602854   2.82256234
17.74840907   2.86596138
17.80000000   2.97215417
17.80000000   2.97215417
17.80000000   2.97215417
17.84615385   3.08486509
17.84615385   3.08486509
17.84615385   3.08486509
17.85710000   3.07578438
17.85710000   3.07578438
17.88714697   2.94939067
17.94572039   2.73657375
17.96317661   2.74516519
18.00000000   2.86308085
18.00000000   2.86308085
18.00000000   2.86308085
18.00000000   2.86308085
18.00000000   2.86308085
18.00000000   2.86308085
18.09230769   3.41141540
18.09230769   3.41141540
18.12307692   3.20689796
18.18130000   3.18057172
18.18180000   3.18024962
18.18635642   3.17668565
18.20000000   3.19892073
18.20000000   3.19892073
18.20000000   3.19892073
18.23936724   3.22539789
18.30769231   3.31181136
18.30769231   3.31181136
18.33846154   3.40373619
18.40000000   3.30474635
18.40000000   3.30474635
18.40000000   3.30474635
18.43382468   3.38793535
18.45413479   3.48379293
18.49230769   3.59485929
18.50000000   3.61246816
18.50000000   3.61246816
18.51650000   3.65968058
18.51850000   3.66826709
18.56790000   3.87281387
18.58461538   3.87769469
18.60000000   3.89010401
18.60000000   3.89010401
18.60000000   3.89010401
18.61538462   3.89058156
18.63840406   3.83162401
18.64615385   3.83153943
18.76923077   3.53189848
18.80000000   3.50253687
18.80000000   3.50253687
18.80000000   3.50253687
18.80000000   3.50253687
18.81827183   3.49179059
18.86790000   3.37100701
18.89230769   3.34466984
18.91502124   3.31139703
18.98461538   3.36097052
18.98461538   3.36097052
19.00000000   3.37146715
19.00000000   3.37146715
19.00000000   3.37146715
19.00000000   3.37146715
19.04615385   3.30378392
19.07692308   3.28675692
19.09943269   3.31904447
19.13846154   3.40374892
19.16923077   3.43815316
19.20000000   3.41971906
19.20000000   3.41971906
19.20000000   3.41971906
19.23080000   3.35781127
19.23080000   3.35781127
19.26153846   3.26820741
19.31519551   3.04893787
19.32307692   3.01066953
19.35384615   2.83649869
19.35720356   2.82165052
19.40000000   2.58379536
19.40000000   2.58379536
19.41538462   2.52780298
19.44615385   2.45520566
19.50060225   2.68365822
19.50769231   2.71261149
19.50769231   2.71261149
19.60000000   2.71344824
19.60000000   2.71344824
19.60000000   2.71344824
19.60780000   2.70465558
19.60780000   2.70465558
19.66153846   2.52257826
19.68600898   2.43145031
19.69230769   2.40063497
19.72307692   2.15409681
19.80000000   1.87695073
19.80000000   1.87695073
19.85514971   1.92188376
19.87127353   1.92011004
19.90769231   1.96567346
19.93846154   1.95874217
19.96923077   1.94470415
20.00000000   1.93685858
20.00000000   1.93685858
20.00000000   1.93685858
20.00000000   1.93685858
20.00000000   1.93685858
20.00000000   1.93685858
20.00000000   1.93685858
20.00000000   1.93685858
20.02575545   1.92111814
20.12307692   1.89558834
20.12307692   1.89558834
20.17995300   1.92185859
20.33429273   1.95435073
20.33846154   1.95849304
20.40000000   1.84725135
20.40000000   1.84725135
20.40820000   1.83581211
20.40820000   1.83581211
20.45653358   1.82337122
20.45770764   1.82387190
20.50000000   1.83748869
20.55384615   1.82010861
20.64197691   1.99045715
20.70769231   2.07873064
20.80000000   2.17959762
20.80000000   2.17959762
20.80000000   2.17959762
20.83330000   2.17708539
20.83330000   2.17708539
20.85688664   2.15167756
20.92307692   2.08933192
20.93181550   2.08235217
20.98461538   2.05402802
21.00000000   2.03435804
21.00000000   2.03435804
21.04087154   2.00837170
21.20000000   2.19237032
21.20000000   2.19237032
21.23076923   2.35368443
21.27660000   2.44888801
21.27660000   2.44888801
21.30000000   2.47906569
21.30000000   2.47906569
21.31734654   2.50035222
21.35384615   2.53768940
21.47692308   2.33423025
21.50000000   2.26986974
21.53846154   2.25959657
21.59353717   2.22312176
21.60000000   2.21717161
21.60000000   2.21717161
21.68677030   2.61291258
21.73910000   2.87586802
21.73910000   2.87586802
21.75384615   2.91846833
21.77780644   3.04945388
21.84615385   3.40258419
21.90769231   3.66713497
21.93100871   3.72332368
22.00000000   3.76330308
22.00000000   3.76330308
22.00000000   3.76330308
22.00000000   3.76330308
22.03076923   3.56811786
22.09230769   3.19886914
22.14549188   3.00531410
22.18461538   3.03957888
22.21538462   3.06539538
22.22097958   3.06903291
22.22220000   3.06968535
22.22220000   3.06968535
22.40000000   3.63942667
22.40000000   3.63942667
22.40000000   3.63942667
22.42168251   3.81589281
22.50000000   4.26552138
22.50000000   4.26552138
22.50000000   4.26552138
22.52307692   4.30711830
22.64615385   4.04894690
22.66694832   3.96801384
22.70769231   3.89375393
22.72730000   3.85524727
22.72730000   3.85524727
22.80000000   3.58394823
22.80000000   3.58394823
22.83076923   3.30872091
22.89230769   3.42280018
22.91264069   3.48371487
22.95580000   3.67998863
22.98461538   3.75588731
23.00000000   3.74889578
23.00000000   3.74889578
23.01538462   3.70327115
23.12783478   3.32279866
23.13846154   3.26864180
23.16923077   3.20467998
23.17047753   3.20362524
23.20000000   3.17221627
23.20000000   3.17221627
23.20000000   3.17221627
23.25580000   3.10147370
23.26153846   3.09355107
23.28174796   3.06703810
23.30950000   3.02656281
23.38461538   3.04756139
23.46687033   3.04499145
23.47692308   3.02163072
23.50000000   2.92779763
23.60000000   2.40745811
23.62135224   2.29625125
23.69230769   2.14515589
23.72307692   2.12348387
23.75384615   2.09016904
23.75384615   2.09016904
23.80000000   2.05552454
23.80000000   2.05552454
23.80950000   2.06268665
23.83739943   2.11193342
23.84615385   2.12375531
23.99216571   2.30826743
24.00000000   2.29009426
24.00000000   2.29009426
24.00000000   2.29009426
24.00000000   2.29009426
24.00000000   2.29009426
24.06153846   2.07072473
24.08550890   1.94740459
24.20000000   1.40839704
24.20000000   1.40839704
24.27692308   1.56619914
24.30184046   1.65062096
24.30769231   1.67885670
24.33846154   1.94638402
24.39020000   2.08700107
24.39020000   2.08700107
24.40000000   2.08737380
24.40000000   2.08737380
24.45646456   1.99623863
24.50000000   1.92856630
24.60000000   1.59748674
24.60000000   1.59748674
24.61538462   1.52934554
24.61538462   1.52934554
24.64201347   1.41148877
24.67692308   1.32391081
24.76411634   1.26406943
24.80000000   1.36754530
24.80000000   1.36754530
24.82742021   1.48580257
24.89230769   1.60735710
24.92307692   1.96660371
25.00000000   2.19508523
25.00000000   2.19508523
25.00000000   2.19508523
25.00000000   2.19508523
25.00000000   2.19508523
25.00000000   2.19508523
25.00000000   2.19508523
25.00000000   2.19508523
25.04375176   2.21521761
25.10769231   2.05980327
25.20000000   1.45748042
25.20000000   1.45748042
25.20000000   1.45748042
25.22723794   1.33609526
25.29043941   1.17563171
25.32307692   1.20465895
25.40000000   1.63736425
25.40000000   1.63736425
25.50000000   2.39939273
25.50634441   2.41866338
25.53846154   2.53420315
25.64100000   2.59981105
25.64100000   2.59981105
25.66153846   2.61020059
25.70744545   2.65427732
25.75274769   2.61286123
25.75384615   2.61091661
25.96923077   1.61033968
26.00000000   1.69390174
26.00000000   1.69390174
26.00000000   1.69390174
26.00000000   1.69390174
26.02964923   1.74866847
26.15384615   2.48989292
26.24615385   3.04925793
26.31580000   3.12649737
26.31580000   3.12649737
26.33319861   3.16963339
26.33704905   3.18125543
26.49230769   2.98283416
26.50000000   2.90220693
26.55224314   2.30586825
26.61538462   1.94726421
26.61538462   1.94726421
26.73708114   1.83174883
26.86153846   2.66617462
26.98809503   3.28991131
27.00000000   3.31815687
27.00000000   3.31815687
27.00000000   3.31815687
27.00000000   3.31815687
27.01412487   3.35225437
27.02700000   3.37996824
27.02700000   3.37996824
27.07692308   3.34885383
27.07692308   3.34885383
27.20000000   2.86377498
27.35287606   1.94202042
27.38461538   2.02196366
27.40000000   2.12147949
27.40000000   2.12147949
27.44615385   2.37063014
27.50000000   2.68986828
27.56835452   3.18299060
27.56923077   3.18536065
27.67617753   3.45461571
27.77780000   3.52881818
27.77780000   3.52881818
27.80000000   3.51637527
27.80000000   3.51637527
27.81418906   3.48685639
27.81538462   3.48475940
27.90000000   3.44763195
27.90000000   3.44763195
28.00000000   3.37950246
28.00000000   3.37950246
28.00000000   3.37950246
28.00000000   3.37950246
28.00000000   3.37950246
28.06002360   3.42484551
28.20000000   3.53763176
28.21538462   3.52817300
28.27692308   3.59385739
28.30585815   3.62838438
28.40000000   3.66155567
28.40000000   3.66155567
28.40000000   3.66155567
28.43076923   3.66600391
28.50000000   3.69392920
28.55384615   3.77336999
28.57100000   3.79998106
28.57140000   3.80053330
28.60000000   3.85546629
28.64404060   3.95013343
28.80000000   3.98287313
28.86153846   3.96833603
28.86153846   3.96833603
28.92307692   3.99922316
29.00000000   4.01544959
29.00000000   4.01544959
29.00000000   4.01544959
29.00000000   4.01544959
29.04364614   4.00464478
29.13846154   3.87818193
29.16923077   3.78880563
29.40000000   3.64169449
29.40000000   3.64169449
29.41180000   3.64756756
29.41180000   3.64756756
29.41538462   3.64960983
29.50000000   3.70428731
29.50481696   3.71381516
29.50769231   3.71986220
29.63076923   4.03563943
29.78461538   4.41528221
29.80000000   4.39912924
29.80000000   4.39912924
29.87363987   4.37357741
29.90769231   4.49482653
30.00000000   4.60715977
30.00000000   4.60715977
30.00000000   4.60715977
30.00000000   4.60715977
30.00000000   4.60715977
30.00000000   4.60715977
30.00000000   4.60715977
30.15384615   4.34654147
30.20000000   4.15436386
30.20000000   4.15436386
30.21168014   4.08690366
30.30300000   3.85949683
30.30300000   3.85949683
30.30769231   3.84737975
30.43829246   3.78392301
30.46153846   3.88671480
30.49230769   4.01374329
30.50000000   4.04549405
30.58461538   4.81328283
30.61114350   4.97178002
30.76923077   5.47401142
30.76923077   5.47401142
30.80000000   5.38388876
30.80000000   5.38388876
30.89230769   5.14110252
31.00000000   4.58839901
31.00000000   4.58839901
31.04181604   4.45352512
31.10769231   4.35197843
31.20000000   4.57690058
31.25000000   4.76197730
31.25000000   4.76197730
31.26153846   4.80924699
31.38014068   5.32791097
31.40000000   5.41159638
31.40000000   5.41159638
31.41538462   5.44914762
31.44615385   5.59258922
31.50000000   5.82403540
31.63076923   6.44180484
31.71832313   6.57625811
31.75384615   6.39798735
31.84615385   6.06217082
31.87692308   6.02814787
31.96923077   5.62775219
32.00000000   5.56695849
32.00000000   5.56695849
32.05953909   5.51590568
32.09230769   5.65114424
32.11807086   5.70611410
32.21538462   5.83935733
32.24615385   5.98736783
32.25810000   6.08463655
32.25810000   6.08463655
32.33846154   6.69958140
32.40000000   6.86995780
32.40000000   6.86995780
32.43076923   7.03781112
32.50000000   7.73422727
32.51781859   7.88985668
32.58461538   8.45002064
32.61538462   8.63186286
32.61538462   8.63186286
32.76923077   9.53801035
32.80000000   9.57696160
32.80000000   9.57696160
32.83076923   9.14471489
32.85628541   8.86192401
32.86153846   8.80411686
32.98461538   8.19456030
33.00000000   8.51911597
33.00000000   8.51911597
33.00000000   8.51911597
33.00000000   8.51911597
33.04615385   9.22443222
33.10769231   9.87680904
33.10769231   9.87680904
33.20000000   9.60509329
33.20000000   9.60509329
33.20000000   9.60509329
33.26153846   8.68571840
33.26153846   8.68571840
33.28695795   7.96483511
33.29230769   7.76107517
33.33330000   6.92290251
33.33330000   6.92290251
33.41538462   6.53836413
33.47692308   7.46714010
33.50000000   7.93611933
33.56923077   9.03479851
33.56923077   9.03479851
33.56923077   9.03479851
33.60000000   9.44768184
33.60000000   9.44768184
33.62528259   9.61156437
33.63076923   9.63172734
33.69230769   9.76533732
33.72307692   9.77102190
33.78461538   9.59765190
33.81538462   9.62394462
33.90769231   8.45254742
33.96360723   8.28470526
33.96923077   8.30330836
33.96923077   8.30330836
33.96923077   8.30330836
34.00000000   8.52550918
34.00000000   8.52550918
34.00000000   8.52550918
34.00000000   8.52550918
34.00000000   8.52550918
34.03076923   8.75290381
34.09230769   9.81816631
34.09230769   9.81816631
34.12307692  10.53040663
34.12307692  10.53040663
34.24615385  11.89378335
34.30769231  10.76599707
34.33257232   9.99693185
34.33846154   9.76422646
34.33846154   9.76422646
34.36923077   8.73951191
34.40000000   8.26830584
34.40000000   8.26830584
34.43076923   7.55327351
34.46280000   7.02499667
34.48280000   7.09236754
34.49230769   7.10190096
34.50000000   7.10519335
34.52307692   7.06875247
34.61538462   7.95714654
34.64615385   8.58501767
34.67692308   9.05826421
34.76310268   7.83279091
34.76923077   7.76534259
34.80000000   7.29843649
34.80000000   7.29843649
34.89230769   5.48879622
34.92307692   5.11263747
34.94208976   4.86157344
35.00000000   4.31198023
35.00000000   4.31198023
35.00000000   4.31198023
35.00000000   4.31198023
35.20000000   4.21186957
35.20000000   4.21186957
35.20000000   4.21186957
35.20000000   4.21186957
35.22441568   4.27367083
35.32307692   4.86501182
35.38461538   5.11571604
35.47692308   3.09068011
35.56923077   2.79103628
35.60000000   3.70177835
35.60000000   3.70177835
35.63076923   4.89422384
35.71430000   6.30830293
35.71430000   6.30830293
35.71665350   6.30309714
35.72307692   6.28007620
35.75384615   6.06179714
35.87692308   3.83269174
35.96923077   0.10850140
36.00000000   1.16578236
36.00000000   1.16578236
36.00000000   1.16578236
36.00000000   1.16578236
36.03076923   2.41072107
36.09230769   3.28921876
36.15384615   3.65179993
36.17782431   3.73365677
36.30769231   1.92709315
36.40000000   1.73583574
36.40000000   1.73583574
36.52307692   1.52112620
36.52307692   1.52112620
36.52307692   1.52112620
36.79290831   1.45700649
36.80000000   1.44319150
36.80000000   1.44319150
36.80000000   1.44319150
36.83076923   1.42557511
36.95384615   1.33898997
37.00000000   1.32986517
37.03700000   1.30287704
37.03700000   1.30287704
37.20000000   1.25416174
37.20000000   1.25416174
37.20000000   1.25416174
37.26153846   1.22817501
37.41538462   1.25623854
37.43920150   1.21760321
37.60000000   1.30357479
37.60000000   1.30357479
37.78461538   1.19190777
37.81538462   1.17960524
37.87692308   1.14757239
37.93101277   1.11769353
38.00000000   1.13616787
38.00000000   1.13616787
38.00000000   1.13616787
38.00000000   1.13616787
38.05150000   1.21304641
38.21538462   1.46533302
38.21538462   1.46533302
38.29997786   1.50983911
38.36923077   1.56107918
38.40000000   1.51368763
38.40000000   1.51368763
38.46150000   1.53596534
38.66922732   1.52223145
38.67692308   1.53476874
38.76923077   1.55952943
38.80000000   1.52147382
38.80000000   1.52147382
38.83076923   1.49391779
39.00000000   1.40405926
39.06897504   1.44807288
39.20000000   1.50285710
39.20000000   1.50285710
39.23076923   1.53171034
39.26153846   1.54528394
39.46900714   1.01132710
39.56923077   1.09149597
39.60000000   1.15357213
39.60000000   1.15357213
39.60000000   1.15357213
39.72307692   1.17922052
39.89982186   1.24993985
40.00000000   1.29706959
40.00000000   1.29706959
40.00000000   1.29706959
40.00000000   1.29706959
40.00000000   1.29706959
40.00000000   1.29706959
40.00000000   1.29706959
40.00000000   1.29706959
40.00000000   1.29706959
40.12307692   1.43103370
40.17658123   1.43011819
40.30769231   1.57619888
40.40000000   1.86406038
40.49230769   2.06498414
40.54554632   2.17325863
40.71547953   2.37512828
40.86153846   1.87623357
40.86153846   1.87623357
40.94529404   1.74717781
40.98461538   1.69661874
41.20000000   1.44031721
41.20000000   1.44031721
41.20000000   1.44031721
41.37610877   1.50467939
41.38461538   1.50175094
41.60000000   1.45215161
41.66670000   1.46621785
41.66670000   1.46621785
41.80663914   1.49440482
41.81538462   1.49663337
41.81538462   1.49663337
42.00000000   1.40252586
42.00000000   1.40252586
42.00000000   1.40252586
42.06153846   1.33327046
42.15384615   1.28052330
42.23716950   1.42925559
42.46153846   1.65910705
42.58461538   1.86438915
42.61538462   1.84444711
42.76033214   1.80315171
43.00000000   1.81028467
43.00000000   1.81028467
43.04615385   1.86665370
43.07692308   1.90698402
43.10769231   1.92515866
43.19100469   1.88321808
43.41538462   1.64211564
43.47830000   1.64704653
43.47830000   1.64704653
43.50000000   1.65218417
43.50000000   1.65218417
43.59103678   1.61558577
43.72307692   1.50206294
43.78461538   1.42803402
43.78461538   1.42803402
44.00000000   1.37175014
44.00000000   1.37175014
44.00000000   1.37175014
44.02170932   1.40349247
44.12307692   1.51628839
44.24615385   1.82307739
44.39081660   2.14034202
44.46153846   2.25493015
44.52307692   2.31607831
44.69850078   2.08057271
44.83076923   1.98985274
44.86153846   1.96222125
44.97526014   1.83065478
45.00000000   1.79262598
45.00000000   1.79262598
45.00000000   1.79262598
45.23076923   1.70670694
45.26153846   1.72201086
45.40607487   1.84306774
45.45450000   1.90017903
45.45450000   1.90017903
45.50769231   1.91438797
45.69230769   2.01634767
45.80596478   1.93131659
46.00000000   1.98299022
46.00000000   1.98299022
46.00000000   1.98299022
46.05208369   2.07459786
46.15384615   2.19987572
46.18461538   2.20409113
46.24615385   2.24009898
46.29834479   2.27947140
46.63666942   2.18125906
46.64615385   2.18870311
46.86153846   2.13687836
46.94435361   2.04122899
46.98461538   1.96419150
47.00000000   1.93462911
47.00000000   1.93462911
47.13846154   1.70027422
47.28267824   1.83243097
47.50769231   1.98406015
47.61900000   1.85057691
47.61900000   1.85057691
47.63076923   1.83233564
47.66153846   1.79969581
47.71335079   1.75352545
47.93846154   1.52691345
47.99025233   1.54881927
48.00000000   1.55527518
48.00000000   1.55527518
48.00000000   1.55527518
48.03076923   1.58776602
48.18461538   1.80238133
48.32857697   1.90435252
48.40000000   2.01785054
48.49230769   2.22701923
