lambda            k
0.13000000   1.75700000
0.14000000   1.74300000
0.15000000   1.69700000
0.16000000   1.63300000
0.17000000   1.57700000
0.18000000   1.54400000
0.19000000   0.09106457
0.20000000   0.10941163
0.21000000   0.07249771
0.22000000   0.05158559
0.23000000   0.03788592
0.24000000   0.02642397
0.25000000   0.01987637
0.26000000   0.01491550
0.27000000   0.01229499
0.28000000   0.01033888
0.29000000   0.00837899
0.30000000   0.00699707
0.31000000   0.00599707
0.32000000   0.00529707
0.33000000   0.00472414
0.34000000   0.00432414
0.35000000   0.00401414
0.36000000   0.00371414
0.37000000   0.00315452
0.38000000   0.00270523
0.39000000   0.00249190
0.40000000   0.00233856
0.41000000   0.00221302
0.42000000   0.00219969
0.43000000   0.00222636
0.44000000   0.00220535
0.45000000   0.00223869
0.46000000   0.00228869
0.47000000   0.00232818
0.48000000   0.00236485
0.49000000   0.00239818
0.50000000   0.00243152
0.51000000   0.00243626
0.52000000   0.00246293
0.53000000   0.00247960
0.54000000   0.00241475
0.55000000   0.00243141
0.56000000   0.00244475
0.57000000   0.00240895
0.58000000   0.00242228
0.59000000   0.00243562
0.60000000   0.00244865
0.61000000   0.00244865
0.62000000   0.00244865
0.63000000   0.00244865
0.64000000   0.00244451
0.65000000   0.00244451
0.66000000   0.00244451
0.67000000   0.00261383
0.68000000   0.00261383
0.69000000   0.00261383
0.70000000   0.00263409
0.71000000   0.00263409
0.72000000   0.00263409
0.73000000   0.00263409
0.74000000   0.00263409
0.75000000   0.00263409
0.76000000   0.00263409
0.77000000   0.00262742
0.78000000   0.00261742
0.79000000   0.00261075
0.80000000   0.00260075
0.81000000   0.00260075
0.82000000   0.00261970
0.83000000   0.00261970
0.84000000   0.00261970
0.85000000   0.00261636
0.86000000   0.00258970
0.87000000   0.00258636
0.88000000   0.00258636
0.89000000   0.00258636
0.90000000   0.00257636
0.91000000   0.00254510
0.92000000   0.00254176
0.93000000   0.00253176
0.94000000   0.00251843
0.95000000   0.00250843
0.96000000   0.00250843
0.97000000   0.00249843
0.98000000   0.00247843
0.99000000   0.00247510
1.00000000   0.00247510
1.01000000   0.00249625
1.02000000   0.00247625
1.03000000   0.00246292
1.04000000   0.00246292
1.05000000   0.00244959
1.06000000   0.00242959
1.07000000   0.00242959
1.08000000   0.00242959
1.09000000   0.00242959
1.10000000   0.00242625
1.11000000   0.00238326
1.12000000   0.00236326
1.13000000   0.00234660
1.14000000   0.00233326
1.15000000   0.00231993
1.16000000   0.00230993
1.17000000   0.00230660
1.18000000   0.00230326
1.19000000   0.00228660
1.20000000   0.00228113
1.21000000   0.00227780
1.22000000   0.00227780
1.23000000   0.00227113
1.24000000   0.00225780
1.25000000   0.00224446
1.26000000   0.00223113
1.27000000   0.00221780
1.28000000   0.00220446
1.29000000   0.00219113
1.30000000   0.00217780
1.31000000   0.00220215
1.32000000   0.00220215
1.33000000   0.00220215
1.34000000   0.00218881
1.35000000   0.00217881
1.36000000   0.00216548
1.37000000   0.00215548
1.38000000   0.00214215
1.39000000   0.00213215
1.40000000   0.00212215
1.41000000   0.00215054
1.42000000   0.00214054
1.43000000   0.00213054
1.44000000   0.00211721
1.45000000   0.00210721
1.46000000   0.00210054
1.47000000   0.00209054
1.48000000   0.00208054
1.49000000   0.00207054
1.50000000   0.00206054
1.51000000   0.00202906
1.52000000   0.00202239
1.53000000   0.00201239
1.54000000   0.00200239
1.55000000   0.00199573
1.56000000   0.00198573
1.57000000   0.00197573
1.58000000   0.00196906
1.59000000   0.00195239
1.60000000   0.00193573
1.61000000   0.00196816
1.62000000   0.00195149
1.63000000   0.00193816
1.64000000   0.00192149
1.65000000   0.00190483
1.66000000   0.00189149
1.67000000   0.00187483
1.68000000   0.00186483
1.69000000   0.00185483
1.70000000   0.00185149
1.71000000   0.00201187
1.72000000   0.00200521
1.73000000   0.00199187
1.74000000   0.00197854
1.75000000   0.00196187
1.76000000   0.00194854
1.77000000   0.00193521
1.78000000   0.00192854
1.79000000   0.00192187
1.80000000   0.00191854
1.81000000   0.00184418
1.82000000   0.00183751
1.83000000   0.00182751
1.84000000   0.00181418
1.85000000   0.00180084
1.86000000   0.00178751
1.87000000   0.00177751
1.88000000   0.00176751
1.89000000   0.00176084
1.90000000   0.00175418
1.91000000   0.00189687
1.92000000   0.00189021
1.93000000   0.00188687
1.94000000   0.00187687
1.95000000   0.00187021
1.96000000   0.00185687
1.97000000   0.00184687
1.98000000   0.00183687
1.99000000   0.00182354
2.00000000   0.00181354
2.01000000   0.00163686
2.02000000   0.00162353
2.03000000   0.00161020
2.04000000   0.00159686
2.05000000   0.00158353
2.06000000   0.00157020
2.07000000   0.00156020
2.08000000   0.00155020
2.09000000   0.00154353
2.10000000   0.00153686
2.11000000   0.00167557
2.12000000   0.00166891
2.13000000   0.00166224
2.14000000   0.00165891
2.15000000   0.00165224
2.16000000   0.00164891
2.17000000   0.00164557
2.18000000   0.00164224
2.19000000   0.00163557
2.20000000   0.00163224
2.21000000   0.00192070
2.22000000   0.00191404
2.23000000   0.00190737
2.24000000   0.00189737
2.25000000   0.00188737
2.26000000   0.00188070
2.27000000   0.00187070
2.28000000   0.00186070
2.29000000   0.00185404
2.30000000   0.00185070
2.31000000   0.00228660
2.32000000   0.00228327
2.33000000   0.00228327
2.34000000   0.00228327
2.35000000   0.00228660
2.36000000   0.00228660
2.37000000   0.00228660
2.38000000   0.00228994
2.39000000   0.00228994
2.40000000   0.00229327
2.41000000   0.00201554
2.42000000   0.00201554
2.43000000   0.00201888
2.44000000   0.00202221
2.45000000   0.00202888
2.46000000   0.00203221
2.47000000   0.00203554
2.48000000   0.00204221
2.49000000   0.00204554
2.50000000   0.00205221
2.50000000   0.00222667
2.50626566   0.00290000
2.51256281   0.00360000
2.51889169   0.00364000
2.52525253   0.00599333
2.53164557   0.00534333
2.53807107   0.00436000
2.54452926   0.00404667
2.55102041   0.00375667
2.55754476   0.00547667
2.56410256   0.00417667
2.57069409   0.00489000
2.57731959   0.00661333
2.58397933   0.00532667
2.59067358   0.00702667
2.59740260   0.00641333
2.60416667   0.00480667
2.61096606   0.00818333
2.61780105   0.00559000
2.62467192   0.00771000
2.63157895   0.00517333
2.63852243   0.00595000
2.64550265   0.00570000
2.65251989   0.00542000
2.65957447   0.00612667
2.66666667   0.00584667
2.67379679   0.00395667
2.68096515   0.00641333
2.68817204   0.00517667
2.69541779   0.00897667
2.70270270   0.01911000
2.71002710   0.02519000
2.71739130   0.02434333
2.72479564   0.02470000
2.73224044   0.02470000
2.73972603   0.03193333
2.74725275   0.03603333
2.75482094   0.04396667
2.76243094   0.06103333
2.77008310   0.03450000
2.77777778   0.03200000
2.78551532   0.02830000
2.79329609   0.02576667
2.80112045   0.02633333
2.80898876   0.02900000
2.81690141   0.02933333
2.82485876   0.02750000
2.83286119   0.02953333
2.84090909   0.02750000
2.84900285   0.02933333
2.85714286   0.02850000
2.86532951   0.02826667
2.87356322   0.02863333
2.88184438   0.02870000
2.89017341   0.02913333
2.89855072   0.02976667
2.90697674   0.03100000
2.91545190   0.03156667
2.92397661   0.03183333
2.93255132   0.03250000
2.94117647   0.03350000
2.94985251   0.03456667
2.95857988   0.03513333
2.96735905   0.03530000
2.97619048   0.03576667
2.98507463   0.03576667
2.99401198   0.03670000
3.00300300   0.03626667
3.01204819   0.03653333
3.02114804   0.03630000
3.03030303   0.03580000
3.03951368   0.03590000
3.04878049   0.03566667
3.05810398   0.03536667
3.06748466   0.03526667
3.07692308   0.03590000
3.08641975   0.03543333
3.09597523   0.03543333
3.10559006   0.03536667
3.11526480   0.03516667
3.12500000   0.03486667
3.13479624   0.03446667
3.14465409   0.03496667
3.15457413   0.03506667
3.16455696   0.03493333
3.17460317   0.03486667
3.18471338   0.03443333
3.19488818   0.03390000
3.20512821   0.03386667
3.21543408   0.03376667
3.22580645   0.03443333
3.23624595   0.03403333
3.24675325   0.03393333
3.25732899   0.03416667
3.26797386   0.03466667
3.27868852   0.03510000
3.28947368   0.03450000
3.30033003   0.03453333
3.31125828   0.03440000
3.32225914   0.03473333
3.33333333   0.03470000
3.34448161   0.03454000
3.35570470   0.03463667
3.36700337   0.03451333
3.37837838   0.03166667
3.38983051   0.03233333
3.40136054   0.03233333
3.41296928   0.03233333
3.42465753   0.03233333
3.43642612   0.03300000
3.44827586   0.03300000
3.46020761   0.03300000
3.47222222   0.03300000
3.48432056   0.03366667
3.49650350   0.03366667
3.50877193   0.03400000
3.52112676   0.03400000
3.53356890   0.03400000
3.54609929   0.03433333
3.55871886   0.03433333
3.57142857   0.03433333
3.58422939   0.03433333
3.59712230   0.03433333
3.61010830   0.03400000
3.62318841   0.03433333
3.63636364   0.03400000
3.64963504   0.03582667
3.66300366   0.03572667
3.67647059   0.03573667
3.69003690   0.03573667
3.70370370   0.03570000
3.71747212   0.03566000
3.73134328   0.03598333
3.74531835   0.03595667
3.75939850   0.03559667
3.77358491   0.03559333
3.78787879   0.03559667
3.80228137   0.03558000
3.81679389   0.03553667
3.83141762   0.03549667
3.84615385   0.03514667
3.86100386   0.03545333
3.87596899   0.03540000
3.89105058   0.03564667
3.90625000   0.03555333
3.92156863   0.03514000
3.93700787   0.03540667
3.95256917   0.03535333
3.96825397   0.03364000
3.98406375   0.03526000
4.00000000   0.03523000
4.01606426   0.03524000
4.03225806   0.03525333
4.04858300   0.03492000
4.06504065   0.03493333
4.08163265   0.03426000
4.09836066   0.03456000
4.11522634   0.03421000
4.13223140   0.03420667
4.14937759   0.03387000
4.16666667   0.03354000
4.18410042   0.03353667
4.20168067   0.03384667
4.21940928   0.03351000
4.23728814   0.03391667
4.25531915   0.03358667
4.27350427   0.03359333
4.29184549   0.03393333
4.31034483   0.03360667
4.32900433   0.03361667
4.34782609   0.03529000
4.36681223   0.03363333
4.38596491   0.02697333
4.40528634   0.03398333
4.42477876   0.03399333
4.44444444   0.03400000
4.46428571   0.03401333
4.48430493   0.03402333
4.50450450   0.03403333
4.52488688   0.03404333
4.54545455   0.03405667
4.56621005   0.03440333
4.58715596   0.02775000
4.60829493   0.03409667
4.62962963   0.03444333
4.65116279   0.03445667
4.67289720   0.03480667
4.69483568   0.03448667
4.71698113   0.03450333
4.73933649   0.03485333
4.76190476   0.03487000
4.78468900   0.03488667
4.80769231   0.03490667
4.83091787   0.03492667
4.85436893   0.03528000
4.87804878   0.03196667
4.90196078   0.03232000
4.92610837   0.03567333
4.95049505   0.03569667
4.97512438   0.03572000
5.00000000   0.00311135
5.00250125   0.00346713
5.00500501   0.00349384
5.00751127   0.00467828
5.01002004   0.00436226
5.01253133   0.00388089
5.01504514   0.00373589
5.01756147   0.00360394
5.02008032   0.00447831
5.02260171   0.00384385
5.02512563   0.00421700
5.02765209   0.00509583
5.03018109   0.00446999
5.03271263   0.00533750
5.03524673   0.00504805
5.03778338   0.00426136
5.04032258   0.00596558
5.04286435   0.00468388
5.04540868   0.00575786
5.04795558   0.00450245
5.05050505   0.00490263
5.05305710   0.00478841
5.05561173   0.00465811
5.05816894   0.00502013
5.06072874   0.00488789
5.06329114   0.00394985
5.06585613   0.00518452
5.06842372   0.00457214
5.07099391   0.00647809
5.07356672   0.01155137
5.07614213   0.01459927
5.07872016   0.01418439
5.08130081   0.01437050
5.08388409   0.01437767
5.08646999   0.01800119
5.08905852   0.02005774
5.09164969   0.02403058
5.09424350   0.03256960
5.09683996   0.01930810
5.09943906   0.01806277
5.10204082   0.01621700
5.10464523   0.01495418
5.10725230   0.01524107
5.10986203   0.01657774
5.11247444   0.01674758
5.11508951   0.01583398
5.11770727   0.01685364
5.12032770   0.01583993
5.12295082   0.01675956
5.12557663   0.01634589
5.12820513   0.01623227
5.13083633   0.01641873
5.13347023   0.01645529
5.13610683   0.01667531
5.13874615   0.01699545
5.14138817   0.01761571
5.14403292   0.01790274
5.14668039   0.01803987
5.14933059   0.01837707
5.15198351   0.01888103
5.15463918   0.01941847
5.15729758   0.01970613
5.15995872   0.01979416
5.16262261   0.02003269
5.16528926   0.02003857
5.16795866   0.02051193
5.17063082   0.02030284
5.17330574   0.02044457
5.17598344   0.02033691
5.17866390   0.02009620
5.18134715   0.02015539
5.18403318   0.02004752
5.18672199   0.01990570
5.18941360   0.01986321
5.19210800   0.02018676
5.19480519   0.01995980
5.19750520   0.01996581
5.20020801   0.01993828
5.20291363   0.01984402
5.20562207   0.01969984
5.20833333   0.01950584
5.21104742   0.01976212
5.21376434   0.01981873
5.21648409   0.01975905
5.21920668   0.01973307
5.22193211   0.01952411
5.22466040   0.01926547
5.22739153   0.01925714
5.23012552   0.01921581
5.23286238   0.01955821
5.23560209   0.01936782
5.23834468   0.01932819
5.24109015   0.01945629
5.24383849   0.01971913
5.24658972   0.01995030
5.24934383   0.01966646
5.25210084   0.01970053
5.25486075   0.01965173
5.25762355   0.01983576
5.26038927   0.01983516
5.26315789   0.01976951
5.26592944   0.01983043
5.26870390   0.01977975
5.27148129   0.01836609
5.27426160   0.01870808
5.27704485   0.01871596
5.27983105   0.01872326
5.28262018   0.01873015
5.28541226   0.01907006
5.28820730   0.01907642
5.29100529   0.01908264
5.29380625   0.01908876
5.29661017   0.01942816
5.29941706   0.01943421
5.30222694   0.01960694
5.30503979   0.01961304
5.30785563   0.01961922
5.31067446   0.01979214
5.31349628   0.01979851
5.31632111   0.01980500
5.31914894   0.01981163
5.32197978   0.01981840
5.32481363   0.01965866
5.32765051   0.01983241
5.33049041   0.01967296
5.33333333   0.02059365
5.33617930   0.02055112
5.33902830   0.02056369
5.34188034   0.02057134
5.34473544   0.02056073
5.34759358   0.02054851
5.35045479   0.02071802
5.35331906   0.02071258
5.35618640   0.02054057
5.35905681   0.02054699
5.36193029   0.02055690
5.36480687   0.02055700
5.36768653   0.02054400
5.37056928   0.02053295
5.37345513   0.02036724
5.37634409   0.02053022
5.37923615   0.02051357
5.38213132   0.02064725
5.38502962   0.02061122
5.38793103   0.02041537
5.39083558   0.02055960
5.39374326   0.02054379
5.39665407   0.01969786
5.39956803   0.02051838
5.40248514   0.02068031
5.40540541   0.02069530
5.40832883   0.02071168
5.41125541   0.02055444
5.41418517   0.02057028
5.41711809   0.02024257
5.42005420   0.02040137
5.42299349   0.02023513
5.42593597   0.02024239
5.42888165   0.02008345
5.43183053   0.01992876
5.43478261   0.01993891
5.43773790   0.02010780
5.44069641   0.01995571
5.44365814   0.02017727
5.44662309   0.02003139
5.44959128   0.02005332
5.45256270   0.02024024
5.45553737   0.02009171
5.45851528   0.02010950
5.46149645   0.02095743
5.46448087   0.02013945
5.46746856   0.01681952
5.47045952   0.02033494
5.47345375   0.02035134
5.47645126   0.02036763
5.47945205   0.02038932
5.48245614   0.02041173
5.48546352   0.02043661
5.48847420   0.02046372
5.49148819   0.02049418
5.49450549   0.02069223
5.49752611   0.01739035
5.50055006   0.02058771
5.50357733   0.02078360
5.50660793   0.02081088
5.50964187   0.02100430
5.51267916   0.02086050
5.51571980   0.02088296
5.51876380   0.02107027
5.52181115   0.02108941
5.52486188   0.02110737
5.52791598   0.02112610
5.53097345   0.02114420
5.53403431   0.02132855
5.53709856   0.01967933
5.54016620   0.01986337
5.54323725   0.02154746
5.54631170   0.02156668
5.54938957   0.02158614
5.55247085   0.02193922
5.55555556   0.02196095
5.55864369   0.02181468
5.56173526   0.02233704
5.56483027   0.02236130
5.56792873   0.02255070
5.57103064   0.02274180
5.57413601   0.02276617
5.57724484   0.02314206
5.58035714   0.02300108
5.58347292   0.02335988
5.58659218   0.02355348
5.58971492   0.02358190
5.59284116   0.02377689
5.59597090   0.02380518
5.59910414   0.02400185
5.60224090   0.02419866
5.60538117   0.02406238
5.60852496   0.02426313
5.61167228   0.02446268
5.61482313   0.02433281
5.61797753   0.02470360
5.62113547   0.02474344
5.62429696   0.02475565
5.62746201   0.02476846
5.63063063   0.02478170
5.63380282   0.02479518
5.63697858   0.02480868
5.64015792   0.02482207
5.64334086   0.02483526
5.64652739   0.02484827
5.64971751   0.02486122
5.65291125   0.02506929
5.65610860   0.02508273
5.65930956   0.02509685
5.66251416   0.02511200
5.66572238   0.02512846
5.66893424   0.02514639
5.67214974   0.02516569
5.67536890   0.02518591
5.67859171   0.02520629
5.68181818   0.02522589
5.68504832   0.02527393
5.68828214   0.02529007
5.69151964   0.02530468
5.69476082   0.02531906
5.69800570   0.02533546
5.70125428   0.02535677
5.70450656   0.02538560
5.70776256   0.02542291
5.71102227   0.02546716
5.71428571   0.02551492
5.71755289   0.02559414
5.72082380   0.02563881
5.72409845   0.02567936
5.72737686   0.02571573
5.73065903   0.02574846
5.73394495   0.02577821
5.73723465   0.02580552
5.74052813   0.02583069
5.74382539   0.02585386
5.74712644   0.02587510
5.75043128   0.02442781
5.75373993   0.02444544
5.75705239   0.02446157
5.76036866   0.02447652
5.76368876   0.02449077
5.76701269   0.02450485
5.77034045   0.02451941
5.77367206   0.02453511
5.77700751   0.02455252
5.78034682   0.02457204
5.78368999   0.02629365
5.78703704   0.02631686
5.79038796   0.02634071
5.79374276   0.02636400
5.79710145   0.02638559
5.80046404   0.02640461
5.80383053   0.02642064
5.80720093   0.02643360
5.81057525   0.02644365
5.81395349   0.02645108
5.81733566   0.02665955
5.82072177   0.02666272
5.82411182   0.02666416
5.82750583   0.02666409
5.83090379   0.02666266
5.83430572   0.02665997
5.83771162   0.02665607
5.84112150   0.02665096
5.84453536   0.02664458
5.84795322   0.02663689
5.85137507   0.02666453
5.85480094   0.02665432
5.85823081   0.02664381
5.86166471   0.02663548
5.86510264   0.02663433
5.86854460   0.02664424
5.87199060   0.02665940
5.87544066   0.02666861
5.87889477   0.02666851
5.88235294   0.02666182
5.88581519   0.02668981
5.88928151   0.02667758
5.89275192   0.02666437
5.89622642   0.02665077
5.89970501   0.02663728
5.90318772   0.02662443
5.90667454   0.02661281
5.91016548   0.02660291
5.91366056   0.02659482
5.91715976   0.02658807
5.92066311   0.02662342
5.92417062   0.02661676
5.92768228   0.02660952
5.93119810   0.02660213
5.93471810   0.02659546
5.93824228   0.02659059
5.94177065   0.02658857
5.94530321   0.02659025
5.94883998   0.02659610
5.95238095   0.02660610
5.95592615   0.02699634
5.95947557   0.02701256
5.96302922   0.02703040
5.96658711   0.02704915
5.97014925   0.02706857
5.97371565   0.02708890
5.97728631   0.02711080
5.98086124   0.02713518
5.98444045   0.02716298
5.98802395   0.02719504
5.99161174   0.02744181
5.99520384   0.02748325
5.99880024   0.02752872
6.00240096   0.02757700
6.00600601   0.02762643
6.00961538   0.02767515
6.01322910   0.02772132
6.01684717   0.02776333
6.02046960   0.02779991
6.02409639   0.02799688
6.02772755   0.02806879
6.03136309   0.02808552
6.03500302   0.02809554
6.03864734   0.02809916
6.04229607   0.02809678
6.04594921   0.02808882
6.04960678   0.02807575
6.05326877   0.02805801
6.05693519   0.02803605
6.06060606   0.02801030
6.06428138   0.02802952
6.06796117   0.02799748
6.07164542   0.02796295
6.07533414   0.02792640
6.07902736   0.02788831
6.08272506   0.02784923
6.08642727   0.02780975
6.09013398   0.02777054
6.09384522   0.02773236
6.09756098   0.02769609
6.10128127   0.02771105
6.10500611   0.02768173
6.10873549   0.02765775
6.11246944   0.02764051
6.11620795   0.02763157
6.11995104   0.02763249
6.12369871   0.02764484
6.12745098   0.02767003
6.13120785   0.02770920
6.13496933   0.02776312
6.13873542   0.02788204
6.14250614   0.02796570
6.14628150   0.02806326
6.15006150   0.02817339
6.15384615   0.02829429
6.15763547   0.02842384
6.16142945   0.02855968
6.16522811   0.02869929
6.16903146   0.02884013
6.17283951   0.02897971
6.17665225   0.02918236
6.18046972   0.02931260
6.18429190   0.02943523
6.18811881   0.02954871
6.19195046   0.02965179
6.19578686   0.02974362
6.19962802   0.02982367
6.20347395   0.02989173
6.20732464   0.02994792
6.21118012   0.02999261
6.21504040   0.03025971
6.21890547   0.03028332
6.22277536   0.03029765
6.22665006   0.03030363
6.23052960   0.03030223
6.23441397   0.03029440
6.23830318   0.03028107
6.24219725   0.03026310
6.24609619   0.03024129
6.25000000   0.03021637
6.25390869   0.03040566
6.25782228   0.03037643
6.26174076   0.03034587
6.26566416   0.03031443
6.26959248   0.03028252
6.27352572   0.03025051
6.27746390   0.03021870
6.28140704   0.03018736
6.28535512   0.03015672
6.28930818   0.03012697
6.29326621   0.03033162
6.29722922   0.03030413
6.30119723   0.03027794
6.30517024   0.03025314
6.30914826   0.03022980
6.31313131   0.03020798
6.31711939   0.03018775
6.32111252   0.03016916
6.32511069   0.03015231
6.32911392   0.03013733
6.33312223   0.03020774
6.33713561   0.03019714
6.34115409   0.03018926
6.34517766   0.03018460
6.34920635   0.03018386
6.35324015   0.03018792
6.35727908   0.03019785
6.36132316   0.03021496
6.36537237   0.03024075
6.36942675   0.03027690
6.37348630   0.03055850
6.37755102   0.03062053
6.38162093   0.03069761
6.38569604   0.03079026
6.38977636   0.03089791
6.39386189   0.03101870
6.39795266   0.03114960
6.40204866   0.03128676
6.40614990   0.03142612
6.41025641   0.03156390
6.41436818   0.03211372
6.41848524   0.03224015
6.42260758   0.03235871
6.42673522   0.03246910
6.43086817   0.03273826
6.43500644   0.03283352
6.43915003   0.03292237
6.44329897   0.03300570
6.44745326   0.03308437
6.45161290   0.03315927
6.45577792   0.03348125
6.45994832   0.03355125
6.46412411   0.03362026
6.46830530   0.03368934
6.47249191   0.03375964
6.47668394   0.03383225
6.48088140   0.03390816
6.48508431   0.03398806
6.48929267   0.03407222
6.49350649   0.03416038
6.49772580   0.03466847
6.50195059   0.03476196
6.50618087   0.03485605
6.51041667   0.03494923
6.51465798   0.03504009
6.51890482   0.03512750
6.52315721   0.03521074
6.52741514   0.03528947
6.53167864   0.03536378
6.53594771   0.03543413
6.54022237   0.03593454
6.54450262   0.03599924
6.54878847   0.03606252
6.55307995   0.03612533
6.55737705   0.03618860
6.56167979   0.03625314
6.56598818   0.03631964
6.57030223   0.03638866
6.57462196   0.03646060
6.57894737   0.03653571
6.58327847   0.03688073
6.58761528   0.03696224
6.59195781   0.03704665
6.59630607   0.03713358
6.60066007   0.03722248
6.60501982   0.03731271
6.60938533   0.03740358
6.61375661   0.03749431
6.61813369   0.03758417
6.62251656   0.03767241
6.62690524   0.03820840
6.63129973   0.03829154
6.63570007   0.03837141
6.64010624   0.03844768
6.64451827   0.03852016
6.64893617   0.03858882
6.65335995   0.03865371
6.65778961   0.03871505
6.66222518   0.03877309
6.66666667   0.03882819
6.67111408   0.03931408
6.67556742   0.03936447
6.68002672   0.03941312
6.68449198   0.03946038
6.68896321   0.03950659
6.69344043   0.03955203
6.69792364   0.03959690
6.70241287   0.03980802
6.70690812   0.03985214
6.71140940   0.03989593
6.71591672   0.04040601
6.72043011   0.04044896
6.72494956   0.04049129
6.72947510   0.04053282
6.73400673   0.04057336
6.73854447   0.04061267
6.74308833   0.04065054
6.74763833   0.04068674
6.75219446   0.04072106
6.75675676   0.04075332
6.76132522   0.04125004
6.76589986   0.04127777
6.77048070   0.04130313
6.77506775   0.04132609
6.77966102   0.04134672
6.78426052   0.04136512
6.78886626   0.04138149
6.79347826   0.04139606
6.79809653   0.04140914
6.80272109   0.04142109
6.80735194   0.04173235
6.81198910   0.04174337
6.81663258   0.04175467
6.82128240   0.04176680
6.82593857   0.04178032
6.83060109   0.04179582
6.83526999   0.04181390
6.83994528   0.04183513
6.84462697   0.04186004
6.84931507   0.04188910
6.85400960   0.04257265
6.85871056   0.04261090
6.86341798   0.04265383
6.86813187   0.04270121
6.87285223   0.04275258
6.87757909   0.04280721
6.88231246   0.04286417
6.88705234   0.04292235
6.89179876   0.04298055
6.89655172   0.04303755
6.90131125   0.04342549
6.90607735   0.04347664
6.91085003   0.04352339
6.91562932   0.04356503
6.92041522   0.04360102
6.92520776   0.04379768
6.93000693   0.04382152
6.93481276   0.04383922
6.93962526   0.04385090
6.94444444   0.04385679
6.94927033   0.04420723
6.95410292   0.04420256
6.95894224   0.04419320
6.96378830   0.04417956
6.96864111   0.04416209
6.97350070   0.04414120
6.97836706   0.04411735
6.98324022   0.04409096
6.98812020   0.04406247
6.99300699   0.04403229
6.99790063   0.04420087
7.00280112   0.04416862
7.00770848   0.04413597
7.01262272   0.04410332
7.01754386   0.04407109
7.02247191   0.04403965
7.02740689   0.04400935
7.03234880   0.04398052
7.03729768   0.04395339
7.04225352   0.04392817
7.04721635   0.04393829
7.05218618   0.04391712
7.05716302   0.04389791
7.06214689   0.04388050
7.06713781   0.04386464
7.07213579   0.04385002
7.07714084   0.04383626
7.08215297   0.04382294
7.08717222   0.04380964
7.09219858   0.04379596
7.09723208   0.04418153
7.10227273   0.04433270
7.10732054   0.04431586
7.11237553   0.04429752
7.11743772   0.04427754
7.12250712   0.04425590
7.12758375   0.04423259
7.13266762   0.04420770
7.13775874   0.04418133
7.14285714   0.04415363
7.14796283   0.04420810
7.15307582   0.04417826
7.15819613   0.04414763
7.16332378   0.04411641
7.16845878   0.04408478
7.17360115   0.04405293
7.17875090   0.04402103
7.18390805   0.04398925
7.18907261   0.04395773
7.19424460   0.04392662
7.19942405   0.04417938
7.20461095   0.04414946
7.20980534   0.04412031
7.21500722   0.04409203
7.22021661   0.04406470
7.22543353   0.04420509
7.23065799   0.04417994
7.23589001   0.04415599
7.24112962   0.04413330
7.24637681   0.04411195
7.25163162   0.04405867
7.25689405   0.04404018
7.26216412   0.04402322
7.26744186   0.04400784
7.27272727   0.04399413
7.27802038   0.04398213
7.28332119   0.04397192
7.28862974   0.04396357
7.29394602   0.04395716
7.29927007   0.04395276
7.30460190   0.04413379
7.30994152   0.04413368
7.31528895   0.04413585
7.32064422   0.04414039
7.32600733   0.04414739
7.33137830   0.04415696
7.33675715   0.04416920
7.34214391   0.04418419
7.34753857   0.04420203
7.35294118   0.04422280
7.35835173   0.04462990
7.36377025   0.04465673
7.36919676   0.04468665
7.37463127   0.04471969
7.38007380   0.04475583
7.38552437   0.04479503
7.39098300   0.04483723
7.39644970   0.04488232
7.40192450   0.04493017
7.40740741   0.04498059
7.41289844   0.04511672
7.41839763   0.04517166
7.42390497   0.04522847
7.42942051   0.04528688
7.43494424   0.04534660
7.44047619   0.04557398
7.44601638   0.04563540
7.45156483   0.04569723
7.45712155   0.04575921
7.46268657   0.04582108
7.46825990   0.04686596
7.47384155   0.04692701
7.47943156   0.04698743
7.48502994   0.04704713
7.49063670   0.04710607
7.49625187   0.04716430
7.50187547   0.04722189
7.50750751   0.04727904
7.51314801   0.04733599
7.51879699   0.04739309
7.52445448   0.04850078
7.53012048   0.04872626
7.53579503   0.04878675
7.54147813   0.04884950
7.54716981   0.04891498
7.55287009   0.04898342
7.55857899   0.04905479
7.56429652   0.04912867
7.57002271   0.04920436
7.57575758   0.04928103
7.58150114   0.05082456
7.58725341   0.05090106
7.59301443   0.05097699
7.59878419   0.05105243
7.60456274   0.05129440
7.61035008   0.05137008
7.61614623   0.05144671
7.62195122   0.05152490
7.62776506   0.05160524
7.63358779   0.05168831
7.63941940   0.05317468
7.64525994   0.05326498
7.65110941   0.05335993
7.65696784   0.05346034
7.66283525   0.05356711
7.66871166   0.05368104
7.67459708   0.05396919
7.68049155   0.05409775
7.68639508   0.05423177
7.69230769   0.05436848
7.69822941   0.05468802
7.70416025   0.05482084
7.71010023   0.05494845
7.71604938   0.05507019
7.72200772   0.05518632
7.72797527   0.05529767
7.73395205   0.05540528
7.73993808   0.05551015
7.74593338   0.05577990
7.75193798   0.05588196
7.75795190   0.05785034
7.76397516   0.05795224
7.77000777   0.05805480
7.77604977   0.05815841
7.78210117   0.05826344
7.78816199   0.05853688
7.79423227   0.05864569
7.80031201   0.05875683
7.80640125   0.05887058
7.81250000   0.05898723
7.81860829   0.05985704
7.82472613   0.05998027
7.83085356   0.06010715
7.83699060   0.06023787
7.84313725   0.06053926
7.84929356   0.06067805
7.85545954   0.06082091
7.86163522   0.06096776
7.86782061   0.06111841
7.87401575   0.06127259
7.88022065   0.06347998
7.88643533   0.06380688
7.89265983   0.06396958
7.89889415   0.06413441
7.90513834   0.06430106
7.91139241   0.06463598
7.91765637   0.06480570
7.92393027   0.06497683
7.93021412   0.06514938
7.93650794   0.06532343
7.94281176   0.06998242
7.94912560   0.07015986
7.95544948   0.07033925
7.96178344   0.07052078
7.96812749   0.07087131
7.97448166   0.07105771
7.98084597   0.07124683
7.98722045   0.07160551
7.99360512   0.07180060
8.00000000   0.07199894
8.00640512   0.07548401
8.01282051   0.07568931
8.01924619   0.07606500
8.02568218   0.07627789
8.03212851   0.07649480
8.03858521   0.07671588
8.04505229   0.07694130
8.05152979   0.07717122
8.05801773   0.07740580
8.06451613   0.07781191
8.07102502   0.08272307
8.07754443   0.08297282
8.08407437   0.08322804
8.09061489   0.08348899
8.09716599   0.08392259
8.10372771   0.08419576
8.11030008   0.08447546
8.11688312   0.08476196
8.12347685   0.08522222
8.13008130   0.08552316
8.13669650   0.09299834
8.14332248   0.09364794
8.14995925   0.09397209
8.15660685   0.09430418
8.16326531   0.09464421
8.16993464   0.09499211
8.17661488   0.09551443
8.18330606   0.09587772
8.19000819   0.09624851
8.19672131   0.09662672
8.20344545   0.10917898
8.21018062   0.10957199
8.21692687   0.10997254
8.22368421   0.11038081
8.23045267   0.11113038
8.23723229   0.11155491
8.24402308   0.11198809
8.25082508   0.11243034
8.25763832   0.11304874
8.26446281   0.11384379
8.27129859   0.12848266
8.27814570   0.12896587
8.28500414   0.12946069
8.29187396   0.12996772
8.29875519   0.13048767
8.30564784   0.13102128
8.31255195   0.13190274
8.31946755   0.13246636
8.32639467   0.13304659
8.33333333   0.13414472
8.34028357   0.14892895
8.34724541   0.14956775
8.35421888   0.15022993
8.36120401   0.14958471
8.36820084   0.15030173
8.37520938   0.15105117
8.38222967   0.15183700
8.38926174   0.15483031
8.39630563   0.15570240
8.40336134   0.15662447
8.41042893   0.16943374
8.41750842   0.17096609
8.42459983   0.17205539
8.43170320   0.17319963
8.43881857   0.17439415
8.44594595   0.17563213
8.45308538   0.17757211
8.46023689   0.17887253
8.46740051   0.18019266
8.47457627   0.18152661
8.48176421   0.19837020
8.48896435   0.19972083
8.49617672   0.20107724
8.50340136   0.20327266
8.51063830   0.20464133
8.51788756   0.20601871
8.52514919   0.20740847
8.53242321   0.20964989
8.53970965   0.21108539
8.54700855   0.21256178
8.55431993   0.23926502
8.56164384   0.24088847
8.56898029   0.24380110
8.57632933   0.24571551
8.58369099   0.24785527
8.59106529   0.25162116
8.59845228   0.25442273
8.60585198   0.25767467
8.61326443   0.26145855
8.62068966   0.26585031
8.62812770   0.27458132
8.63557858   0.28036735
8.64304235   0.28690615
8.65051903   0.29421045
8.65800866   0.30444286
8.66551127   0.31325202
8.67302689   0.32277635
8.68055556   0.33298164
8.68809731   0.34666546
8.69565217   0.35812846
8.70322019   0.39701223
8.71080139   0.40963696
8.71839582   0.42667199
8.72600349   0.44047216
8.73362445   0.45491330
8.74125874   0.47539308
8.74890639   0.49133076
8.75656743   0.50816594
8.76424189   0.52602304
8.77192982   0.54504186
8.77963126   0.63137424
8.78734622   0.65317991
8.79507476   0.67662145
8.80281690   0.70185752
8.81057269   0.74020042
8.81834215   0.76943674
8.82612533   0.80081020
8.83392226   0.83433184
8.84173298   0.88441684
8.84955752   0.92184756
8.85739593   1.01556411
8.86524823   1.07211944
8.87311446   1.11180625
8.88099467   1.15030093
8.88888889   1.18617359
8.89679715   1.21778114
8.90471950   1.25955529
8.91265597   1.27751730
8.92060660   1.28649648
8.92857143   1.28567490
8.93655049   1.35023629
8.94454383   1.33007371
8.95255148   1.30170793
8.96057348   1.26677281
8.96860987   1.22578535
8.97666068   1.18325707
8.98472597   1.13952214
8.99280576   1.09596707
9.00090009   1.04115847
9.00900901   1.00085310
9.01713255   0.96620403
9.02527076   0.91864615
9.03342367   0.88644948
9.04159132   0.85710018
9.04977376   0.83050640
9.05797101   0.80652859
9.06618314   0.78000172
9.07441016   0.76075091
9.08265213   0.74360167
9.09090909   0.72838618
9.09918107   0.75794635
9.10746812   0.74613442
9.11577028   0.73581162
9.12408759   0.73667849
9.13242009   0.72893741
9.14076782   0.72228833
9.14913083   0.71659205
9.15750916   0.71170270
9.16590284   0.72180373
9.17431193   0.71808103
9.18273646   0.78956526
9.19117647   0.80264102
9.19963201   0.79972036
9.20810313   0.79691223
9.21658986   0.79418759
9.22509225   0.80837465
9.23361034   0.80581926
9.24214418   0.80337890
9.25069380   0.80108446
9.25925926   0.81597033
9.26784059   0.90090606
9.27643785   0.89926266
9.28505107   0.89791326
9.29368030   0.89690128
9.30232558   0.91360949
9.31098696   0.91342984
9.31966449   0.91376730
9.32835821   0.93254402
9.33706816   0.93420280
9.34579439   0.93670809
9.35453695   1.02854207
9.36329588   1.05169387
9.37207123   1.05764241
9.38086304   1.06500408
9.38967136   1.07385252
9.39849624   1.08421593
9.40733772   1.11575194
9.41619586   1.12909489
9.42507069   1.14387006
9.43396226   1.16003807
9.44287063   1.27906881
9.45179584   1.29794561
9.46073794   1.31816762
9.46969697   1.33975128
9.47867299   1.38556501
9.48766603   1.40999761
9.49667616   1.43596059
9.50570342   1.46355790
9.51474786   1.51792324
9.52380952   1.54922465
9.53288847   1.66183646
9.54198473   1.69767805
9.55109838   1.76321898
9.56022945   1.80481612
9.56937799   1.84988088
9.57854406   1.92753950
9.58772771   1.98094592
9.59692898   2.03923483
9.60614793   2.10276080
9.61538462   2.19892653
9.62463908   2.32073124
9.63391137   2.39768539
9.64320154   2.47497213
9.65250965   2.54772435
9.66183575   2.62783478
9.67117988   2.67111580
9.68054211   2.69050735
9.68992248   2.68437638
9.69932105   2.65052308
9.70873786   2.60619806
9.71817298   2.43709076
9.72762646   2.38255210
9.73709834   2.29002567
9.74658869   2.24248786
9.75609756   2.20049918
9.76562500   2.16411384
9.77517107   2.07230848
9.78473581   2.04591253
9.79431929   2.02374655
9.80392157   2.00534731
9.81354269   1.81064721
9.82318271   1.79862985
9.83284169   1.78930758
9.84251969   1.76152797
9.85221675   1.75661365
9.86193294   1.75333901
9.87166831   1.75124805
9.88142292   1.76398539
9.89119683   1.76264554
9.90099010   1.76080946
9.91080278   1.67959808
9.92063492   1.67523078
9.93048659   1.70007129
9.94035785   1.69197884
9.95024876   1.68195942
9.96015936   1.64679197
9.97008973   1.63331306
9.98003992   1.61837574
9.99000999   1.60215788
10.00000000   1.58482005
10.01001001   1.36900780
10.02004008   1.34985878
10.03009027   1.33000993
10.04016064   1.25310205
10.05025126   1.23228111
10.06036217   1.21119687
10.07049345   1.18999962
10.08064516   1.16883631
10.09081736   1.11684670
10.10101010   1.09616018
10.11122346   0.92089348
10.12145749   0.88348271
10.13171226   0.86434952
10.14198783   0.84590139
10.15228426   0.82819894
10.16260163   0.81129036
10.17293998   0.78454575
10.18329939   0.76932501
10.19367992   0.75497891
10.20408163   0.73468357
10.21450460   0.65894153
10.22494888   0.64724969
10.23541453   0.63643399
10.24590164   0.62648418
10.25641026   0.61272203
10.26694045   0.60446956
10.27749229   0.59705049
10.28806584   0.58762502
10.29866117   0.58185772
10.30927835   0.57691881
10.31991744   0.53731853
10.33057851   0.53407501
10.34126163   0.53021538
10.35196687   0.52877696
10.36269430   0.52830869
10.37344398   0.52870593
10.38421599   0.53037890
10.39501040   0.53325470
10.40582726   0.53744626
10.41666667   0.54308826
10.42752868   0.54050667
10.43841336   0.54955514
10.44932079   0.56061809
10.46025105   0.57728027
10.47120419   0.59316211
10.48218029   0.61192015
10.49317943   0.63391118
10.50420168   0.66601797
10.51524711   0.69563369
10.52631579   0.72963412
10.53740780   0.77766604
10.54852321   0.82124555
10.55966209   0.88149515
10.57082452   0.93435209
10.58201058   0.99075724
10.59322034   1.06885062
10.60445387   1.12705599
10.61571125   1.18212216
10.62699256   1.23068640
10.63829787   1.29304699
10.64962726   1.33674253
10.66098081   1.34844069
10.67235859   1.34560466
10.68376068   1.32947820
10.69518717   1.31124353
10.70663812   1.27616710
10.71811361   1.23608397
10.72961373   1.19368376
10.74113856   1.14247351
10.75268817   1.10139196
10.76426265   1.08902158
10.77586207   1.05367962
10.78748652   1.01985181
10.79913607   0.99161497
10.81081081   0.96687384
10.82251082   0.94541114
10.83423619   0.94158686
10.84598698   0.92569069
10.85776330   0.91195208
10.86956522   0.89987929
10.88139282   0.92026612
10.89324619   0.90987197
10.90512541   0.89944716
10.91703057   0.89394006
10.92896175   0.88188315
10.94091904   0.86844802
10.95290252   0.85348629
10.96491228   0.83704117
10.97694841   0.82965715
10.98901099   0.81099524
11.00110011   0.76743728
11.01321586   0.73002979
11.02535832   0.71077772
11.03752759   0.69195713
11.04972376   0.67377652
11.06194690   0.65638137
11.07419712   0.59569695
11.08647450   0.58010591
11.09877913   0.56545852
11.11111111   0.52208161
11.12347052   0.44345230
11.13585746   0.43153691
11.14827202   0.42046172
11.16071429   0.41018267
11.17318436   0.38482080
11.18568233   0.37599704
11.19820829   0.36783318
11.21076233   0.36028572
11.22334456   0.34447951
11.23595506   0.33804115
11.24859393   0.29826551
11.26126126   0.28728220
11.27395716   0.28222187
11.28668172   0.27754924
11.29943503   0.27322932
11.31221719   0.26572711
11.32502831   0.26200744
11.33786848   0.25853493
11.35073780   0.25527430
11.36363636   0.25219101
11.37656428   0.24425219
11.38952164   0.24142789
11.40250855   0.23869232
11.41552511   0.23602511
11.42857143   0.23157869
11.44164760   0.22901197
11.45475372   0.22648987
11.46788991   0.22401577
11.48105626   0.22043010
11.49425287   0.21807557
11.50747986   0.21762903
11.52073733   0.21543366
11.53402537   0.21233147
11.54734411   0.21032948
11.56069364   0.20843289
11.57407407   0.20581175
11.58748552   0.20413455
11.60092807   0.20256843
11.61440186   0.20111285
11.62790698   0.19976654
11.64144354   0.20386108
11.65501166   0.20272776
11.66861144   0.20169782
11.68224299   0.20026919
11.69590643   0.19943994
11.70960187   0.19870835
11.72332943   0.19807298
11.73708920   0.19719927
11.75088132   0.19675295
11.76470588   0.19639994
11.77856302   0.20480632
11.79245283   0.20447156
11.80637544   0.20439507
11.82033097   0.20440935
11.83431953   0.20451313
11.84834123   0.20437111
11.86239620   0.20464699
11.87648456   0.20500310
11.89060642   0.20543338
11.90476190   0.20592963
11.91895113   0.21548118
11.93317422   0.21607464
11.94743130   0.21669387
11.96172249   0.21732019
11.97604790   0.21776632
11.99040767   0.21834405
12.00480192   0.21886567
12.01923077   0.21931239
12.03369434   0.21966943
12.04819277   0.21992774
12.06272618   0.22425180
12.07729469   0.22448012
12.09189843   0.22445826
12.10653753   0.22437115
12.12121212   0.22424151
12.13592233   0.22409474
12.15066829   0.22412387
12.16545012   0.22402143
12.18026797   0.22397838
12.19512195   0.22435023
12.21001221   0.22182344
12.22493888   0.22208221
12.23990208   0.22247545
12.25490196   0.22301726
12.26993865   0.22422068
12.28501229   0.22509825
12.30012300   0.22616242
12.31527094   0.22809253
12.33045623   0.22956834
12.34567901   0.23126987
12.36093943   0.23571015
12.37623762   0.23906719
12.39157373   0.24151466
12.40694789   0.24421734
12.42236025   0.24715729
12.43781095   0.25029054
12.45330012   0.25536900
12.46882793   0.25859880
12.48439451   0.26164379
12.50000000   0.26431657
12.51564456   0.28545748
12.53132832   0.28698364
12.54705144   0.28791235
12.56281407   0.28834335
12.57861635   0.29324696
12.59445844   0.29308699
12.61034048   0.29279726
12.62626263   0.29777849
12.64222503   0.29740662
12.65822785   0.29704342
12.67427123   0.29187801
12.69035533   0.29226462
12.70648030   0.29205698
12.72264631   0.29194016
12.73885350   0.29192765
12.75510204   0.28769095
12.77139208   0.28788936
12.78772379   0.28816769
12.80409731   0.28849012
12.82051282   0.28881140
12.83697047   0.28375258
12.85347044   0.28394599
12.87001287   0.28404560
12.88659794   0.28406492
12.90322581   0.28137371
12.91989664   0.28135517
12.93661061   0.28139448
12.95336788   0.28036957
12.97016861   0.28064596
12.98701299   0.28107554
13.00390117   0.27733111
13.02083333   0.27790886
13.03780965   0.27879750
13.05483029   0.27981378
13.07189542   0.28093749
13.08900524   0.28281260
13.10615990   0.28408145
13.12335958   0.28538529
13.14060447   0.28669810
13.15789474   0.28799358
13.17523057   0.30157889
13.19261214   0.30276172
13.21003963   0.30385068
13.22751323   0.30482245
13.24503311   0.30865562
13.26259947   0.30933116
13.28021248   0.30983290
13.29787234   0.31014796
13.31557923   0.31426709
13.33333333   0.31418490
13.35113485   0.32956666
13.36898396   0.32908159
13.38688086   0.33156939
13.40482574   0.33070661
13.42281879   0.32967292
13.44086022   0.32848392
13.45895020   0.32632401
13.47708895   0.32487904
13.49527665   0.32333582
13.51351351   0.32171487
13.53179973   0.31986994
13.55013550   0.31815424
13.56852103   0.31642008
13.58695652   0.31468530
13.60544218   0.31013303
13.62397820   0.30844493
13.64256480   0.30680112
13.66120219   0.30354685
13.67989056   0.30202587
13.69863014   0.30058051
13.71742112   0.28988508
13.73626374   0.28794606
13.75515818   0.28676879
13.77410468   0.28569102
13.79310345   0.28471631
13.81215470   0.28401419
13.83125864   0.28325356
13.85041551   0.28260284
13.86962552   0.28206338
13.88888889   0.28163621
13.90820584   0.27265545
13.92757660   0.27245502
13.94700139   0.27236874
13.96648045   0.27339701
13.98601399   0.27354015
14.00560224   0.27379851
14.02524544   0.27417240
14.04494382   0.27466215
14.06469761   0.27676809
14.08450704   0.27749052
14.10437236   0.28999642
14.12429379   0.29311933
14.14427157   0.29419267
14.16430595   0.29538303
14.18439716   0.29669004
14.20454545   0.29811292
14.22475107   0.30231703
14.24501425   0.30396702
14.26533524   0.30572660
14.28571429   0.30759160
14.30615165   0.34555641
14.32664756   0.34761354
14.34720230   0.34975333
14.36781609   0.35196353
14.38848921   0.35822890
14.40922190   0.36053089
14.43001443   0.36284741
14.45086705   0.36515273
14.47178003   0.37241762
14.49275362   0.37460982
14.51378810   0.40902822
14.53488372   0.41097071
14.55604076   0.41823582
14.57725948   0.41979129
14.59854015   0.42110950
14.61988304   0.42216949
14.64128843   0.42879204
14.66275660   0.42930754
14.68428781   0.42955655
14.70588235   0.42955620
14.72754050   0.41733253
14.74926254   0.41691891
14.77104874   0.41635405
14.79289941   0.41567990
14.81481481   0.41827292
14.83679525   0.41750902
14.85884101   0.41676216
14.88095238   0.41607008
14.90312966   0.41663369
14.92537313   0.41615028
14.94768311   0.38998018
14.97005988   0.38931372
14.99250375   0.38933827
15.01501502   0.38957198
15.03759398   0.39003086
15.06024096   0.38972911
15.08295626   0.39067942
15.10574018   0.39189306
15.12859304   0.39337989
15.15151515   0.39514809
15.17450683   0.39303712
15.19756839   0.39538360
15.22070015   0.39802034
15.24390244   0.40094173
15.26717557   0.40580206
15.29051988   0.40924702
15.31393568   0.41291181
15.33742331   0.42091928
15.36098310   0.42487880
15.38461538   0.42888603
15.40832049   0.44602448
15.43209877   0.45686905
15.45595054   0.46049202
15.47987616   0.46380434
15.50387597   0.46673140
15.52795031   0.46922175
15.55209953   0.47825358
15.57632399   0.47983767
15.60062402   0.48101599
15.62500000   0.48185635
15.64945227   0.51027774
15.67398119   0.51070813
15.69858713   0.51107624
15.72327044   0.50947181
15.74803150   0.50997487
15.77287066   0.51065376
15.79778831   0.51156496
15.82278481   0.51275396
15.84786054   0.51425687
15.87301587   0.51610211
15.89825119   0.55131205
15.92356688   0.55390441
15.94896332   0.56122669
15.97444089   0.56462362
16.00000000   0.56843765
16.02564103   0.57267592
16.05136437   0.58551027
16.07717042   0.59061050
16.10305958   0.59614416
16.12903226   0.61344285
16.15508885   0.64383511
16.18122977   0.65064607
16.20745543   0.65786359
16.23376623   0.66547123
16.26016260   0.68661476
16.28664495   0.69493539
16.31321370   0.70357013
16.33986928   0.71248587
16.36661211   0.73598053
16.39344262   0.74535153
16.42036125   0.79206476
16.44736842   0.81625732
16.47446458   0.82607399
16.50165017   0.83600374
16.52892562   0.84604939
16.55629139   0.87023010
16.58374793   0.88058300
16.61129568   0.89116369
16.63893511   0.90204546
16.66666667   0.91331717
16.69449082   0.99391305
16.72240803   1.00627461
16.75041876   1.01934471
16.77852349   1.03322721
16.80672269   1.05967903
16.83501684   1.07543444
16.86340641   1.09219515
16.89189189   1.10995293
16.92047377   1.13914517
16.94915254   1.15864416
16.97792869   1.25308158
17.00680272   1.27351026
17.03577513   1.30357242
17.06484642   1.32351080
17.09401709   1.34252496
17.12328767   1.37030689
17.15265866   1.39792071
17.18213058   1.41152140
17.21170396   1.42273775
17.24137931   1.44637708
17.27115717   1.54661056
17.30103806   1.55130239
17.33102253   1.55465101
17.36111111   1.57514897
17.39130435   1.57787031
17.42160279   1.58142727
17.45200698   1.58660209
17.48251748   1.59415591
17.51313485   1.62497971
17.54385965   1.63941590
17.57469244   1.75724309
17.60563380   1.78098161
17.63668430   1.83050811
17.66784452   1.86496744
17.69911504   1.90463783
17.73049645   1.94874864
17.76198934   2.01327280
17.79359431   2.06075735
17.82531194   2.10530817
17.85714286   2.15403975
17.88908766   2.27457614
17.92114695   2.28700318
17.95332136   2.28409751
17.98561151   2.26689973
18.01801802   2.24257725
18.05054152   2.20691261
18.08318264   2.16833976
18.11594203   2.13056490
18.14882033   2.10007464
18.18181818   2.07146430
18.21493625   2.13927657
18.24817518   2.13772734
18.28153565   2.13124672
18.31501832   2.13297297
18.34862385   2.14319335
18.38235294   2.17956597
18.41620626   2.20778554
18.45018450   2.24551128
18.48428835   2.29285978
18.51851852   2.34941932
18.55287570   2.44191608
18.58736059   2.51089567
18.62197393   2.57912650
18.65671642   2.63887701
18.69158879   2.60771118
18.72659176   2.62500942
18.76172608   2.61389848
18.79699248   2.57668537
18.83239171   2.43952441
18.86792453   2.37223468
18.90359168   2.20751383
18.93939394   2.08449591
18.97533207   2.02103833
19.01140684   1.96393909
19.04761905   1.91340923
19.08396947   1.86907414
19.12045889   1.79746604
19.15708812   1.76354428
19.19385797   1.73379170
19.23076923   1.70759126
19.26782274   1.50974089
19.30501931   1.48912077
19.34235977   1.47068739
19.37984496   1.45413200
19.41747573   1.42703855
19.45525292   1.41354211
19.49317739   1.40132143
19.53125000   1.38309246
19.56947162   1.37310269
19.60784314   1.36412641
19.64636542   1.23579396
19.68503937   1.22542175
19.72386588   1.21934278
19.76284585   1.21423777
19.80198020   1.21013345
19.84126984   1.20723454
19.88071571   1.20525620
19.92031873   1.20442348
19.96007984   1.20480441
20.00000000   1.20647673
20.04008016   1.18969491
20.08032129   1.19422401
20.12072435   1.20034054
20.16129032   1.21733338
20.20202020   1.22700496
20.24291498   1.23867255
20.28397566   1.25250290
20.32520325   1.28568030
20.36659878   1.30440785
20.40816327   1.32590849
20.44989775   1.38442568
20.49180328   1.41222331
20.53388090   1.47341797
20.57613169   1.50864297
20.61855670   1.54804329
20.66115702   1.63860065
20.70393375   1.68728693
20.74688797   1.74104407
20.79002079   1.80008740
20.83333333   1.92436149
20.87682672   2.18097641
20.92050209   2.25578428
20.96436059   2.33492282
21.00840336   2.47299002
21.05263158   2.55635951
21.09704641   2.63800477
21.14164905   2.71407327
21.18644068   2.79666022
21.23142251   2.84690629
21.27659574   2.87679888
21.32196162   2.96137200
21.36752137   2.94245574
21.41327623   2.84756606
21.45922747   2.78556368
21.50537634   2.70923751
21.55172414   2.62421554
21.59827214   2.45958719
21.64502165   2.37141655
21.69197397   2.28662006
21.73913043   2.15457970
21.78649237   1.86669282
21.83406114   1.80026811
21.88183807   1.74072288
21.92982456   1.68790093
21.97802198   1.61301369
22.02643172   1.57271296
22.07505519   1.53813798
22.12389381   1.50894467
22.17294900   1.47215641
22.22222222   1.45284075
22.27171492   1.33794807
22.32142857   1.32648102
22.37136465   1.32049574
22.42152466   1.31876895
22.47191011   1.32129743
22.52252252   1.32812953
22.57336343   1.34986033
22.62443439   1.36562099
22.67573696   1.38605738
22.72727273   1.43528998
22.77904328   1.49417719
22.83105023   1.52886856
22.88329519   1.56763686
22.93577982   1.60932757
22.98850575   1.68530350
23.04147465   1.72599591
23.09468822   1.76107140
23.14814815   1.80353752
23.20185615   1.81674327
23.25581395   1.81639525
23.31002331   1.88269238
23.36448598   1.83709859
23.41920375   1.80997204
23.47417840   1.78142453
23.52941176   1.75416496
23.58490566   1.72943260
23.64066194   1.66644284
23.69668246   1.64462831
23.75296912   1.62121651
23.80952381   1.59413012
23.86634845   1.44226098
23.92344498   1.40661816
23.98081535   1.36906210
24.03846154   1.31269111
24.09638554   1.27887650
24.15458937   1.24973544
24.21307506   1.22583165
24.27184466   1.20644512
24.33090024   1.17708735
24.39024390   1.15910383
24.44987775   1.05796675
24.50980392   1.02964451
24.57002457   0.98837841
24.63054187   0.95259595
24.69135802   0.91744959
24.75247525   0.87954927
24.81389578   0.85094886
24.87562189   0.82646417
24.93765586   0.80605846
25.00000000   0.87342681
25.06265664   0.83726870
25.12562814   0.82651428
25.18891688   0.81844053
25.25252525   0.80918278
25.31645570   0.79593018
25.38071066   0.78093280
25.44529262   0.76761680
25.51020408   0.75716132
25.57544757   0.74937146
25.64102564   0.74378290
25.70694087   0.70281482
25.77319588   0.70060810
25.83979328   0.69979612
25.90673575   0.70027405
25.97402597   0.70197660
26.04166667   0.70486267
26.10966057   0.70890390
26.17801047   0.71407480
26.24671916   0.72034268
26.31578947   0.72765595
26.38522427   0.74632952
26.45502646   0.75542680
26.52519894   0.76513904
26.59574468   0.77516670
26.66666667   0.78511245
26.73796791   0.79450107
26.80965147   0.80283944
26.88172043   0.80971331
26.95417790   0.81488873
27.02702703   0.81837008
27.10027100   0.85618560
27.17391304   0.85711579
27.24795640   0.85740779
27.32240437   0.85751097
27.39726027   0.85784349
27.47252747   0.85878197
27.54820937   0.86066307
27.62430939   0.86379070
27.70083102   0.86844761
27.77777778   0.87491348
27.85515320   0.87789286
27.93296089   0.88895623
28.01120448   0.90299567
28.08988764   0.92069303
28.16901408   0.94299063
28.24858757   0.97113824
28.32861190   1.00665501
28.40909091   1.05107182
28.49002849   1.10519807
28.57142857   1.16757676
28.65329513   1.30879430
28.73563218   1.36381525
28.81844380   1.39527437
28.90173410   1.39646089
28.98550725   1.37390320
29.06976744   1.34195764
29.15451895   1.31307550
29.23976608   1.29339363
29.32551320   1.28354638
29.41176471   1.28081217
29.49852507   1.25880725
29.58579882   1.25675972
29.67359050   1.24869352
29.76190476   1.23245108
29.85074627   1.20814746
29.94011976   1.17780007
30.03003003   1.14437434
30.12048193   1.11079064
30.21148036   1.07929310
30.30303030   1.05124284
30.39513678   0.94238487
30.48780488   0.92221710
30.58103976   0.90536251
30.67484663   0.89092140
30.76923077   0.87782256
30.86419753   0.86499672
30.95975232   0.85156773
31.05590062   0.83701738
31.15264798   0.82126233
31.25000000   0.80460986
31.34796238   0.76461731
31.44654088   0.74792126
31.54574132   0.73209992
31.64556962   0.71759736
31.74603175   0.70470419
31.84713376   0.69357290
31.94888179   0.68424629
32.05128205   0.67668465
32.15434084   0.67078551
32.25806452   0.66639455
32.36245955   0.63091002
32.46753247   0.62888464
32.57328990   0.62763029
32.67973856   0.62683097
32.78688525   0.62616799
32.89473684   0.62535709
33.00330033   0.62419124
33.11258278   0.62257729
33.22259136   0.62055427
33.33333333   0.52360798
33.44481605   0.51729239
33.55704698   0.51489098
33.67003367   0.51331993
33.78378378   0.51298236
33.89830508   0.51425192
34.01360544   0.51747225
34.12969283   0.52296739
34.24657534   0.53105771
34.36426117   0.54207735
34.48275862   0.55639007
34.60207612   0.58940101
34.72222222   0.61156150
34.84320557   0.63836215
34.96503497   0.67030686
35.08771930   0.70785580
35.21126761   0.75132059
35.33568905   0.80069124
35.46099291   0.85537833
35.58718861   0.91387734
35.71428571   0.97341977
35.84229391   1.13327484
35.97122302   1.18096381
36.10108303   1.21412805
36.23188406   1.22800638
36.36363636   1.22048166
36.49635036   1.19286286
36.63003663   1.14941250
36.76470588   1.09592040
36.90036900   1.03813526
37.03703704   0.98071075
37.17472119   0.87332516
37.31343284   0.82477171
37.45318352   0.78223705
37.59398496   0.74557725
37.73584906   0.71403744
37.87878788   0.68648050
38.02281369   0.66172248
38.16793893   0.63893425
38.31417625   0.61786580
38.46153846   0.59871781
38.61003861   0.53106551
38.75968992   0.51661575
38.91050584   0.50464505
39.06250000   0.49504626
39.21568627   0.48764549
39.37007874   0.48224918
39.52569170   0.47866576
39.68253968   0.47670829
39.84063745   0.47618498
40.00000000   0.47688229
40.16064257   0.44804517
40.32258065   0.45035900
40.48582996   0.45294045
40.65040650   0.45534570
40.81632653   0.45710346
40.98360656   0.45777395
41.15226337   0.45702291
41.32231405   0.45468808
41.49377593   0.45081233
41.66666667   0.44562845
41.84100418   0.42725128
42.01680672   0.42059935
42.19409283   0.41382172
42.37288136   0.40724706
42.55319149   0.40110883
42.73504274   0.39554187
42.91845494   0.39059222
43.10344828   0.38623307
43.29004329   0.38238262
43.47826087   0.37892180
43.66812227   0.36171150
43.85964912   0.35860919
44.05286344   0.35548451
44.24778761   0.35223317
44.44444444   0.34878752
44.64285714   0.34512261
44.84304933   0.34125694
45.04504505   0.33724821
45.24886878   0.33318504
45.45454545   0.32917691
45.66210046   0.31734401
45.87155963   0.31380870
46.08294931   0.31068954
46.29629630   0.30809821
46.51162791   0.30613898
46.72897196   0.30491035
46.94835681   0.30450824
47.16981132   0.30503046
47.39336493   0.30658185
47.61904762   0.30928025
47.84688995   0.30501304
48.07692308   0.31044425
48.30917874   0.31752208
48.54368932   0.32648591
48.78048780   0.33762124
49.01960784   0.35125811
49.26108374   0.36775508
49.50495050   0.38745306
49.75124378   0.41057373
50.00000000   0.43702838
50.25125628   0.50761221
50.50505051   0.53762524
50.76142132   0.56562505
51.02040816   0.58772183
51.28205128   0.60025100
51.54639175   0.60144774
51.81347150   0.59240333
52.08333333   0.57642749
52.35602094   0.55740025
52.63157895   0.53839836
52.91005291   0.56420089
53.19148936   0.54944752
53.47593583   0.53702196
53.76344086   0.52641179
54.05405405   0.51697741
54.34782609   0.50813778
54.64480874   0.49948813
54.94505495   0.49085398
55.24861878   0.48228429
55.55555556   0.47399623
55.86592179   0.42679463
56.17977528   0.41999096
56.49717514   0.41433815
56.81818182   0.40998597
57.14285714   0.40695342
57.47126437   0.40511243
57.80346821   0.40418077
58.13953488   0.40372825
58.47953216   0.40320644
58.82352941   0.40201360
59.17159763   0.37234823
59.52380952   0.36833371
59.88023952   0.36262052
60.24096386   0.35541531
60.60606061   0.34716569
60.97560976   0.33843053
61.34969325   0.32974372
61.72839506   0.32151615
62.11180124   0.31398797
62.50000000   0.30722113
62.89308176   0.29911926
63.29113924   0.29346893
63.69426752   0.28800115
64.10256410   0.28246696
64.51612903   0.27670903
64.93506494   0.27070332
65.35947712   0.26455466
65.78947368   0.25845283
66.22516556   0.25261403
66.66666667   0.24723307
67.11409396   0.24620819
67.56756757   0.24213673
68.02721088   0.23882340
68.49315068   0.23629310
68.96551724   0.23455317
69.44444444   0.23360301
69.93006993   0.23344029
70.42253521   0.23406428
70.92198582   0.23547658
71.42857143   0.23767993
71.94244604   0.25392614
72.46376812   0.25771509
72.99270073   0.26229932
73.52941176   0.26770224
74.07407407   0.27401332
74.62686567   0.28147555
75.18796992   0.29060439
75.75757576   0.30212398
76.33587786   0.31564753
76.92307692   0.32626435
77.51937984   0.34365068
78.12500000   0.34339940
78.74015748   0.34568584
79.36507937   0.35113703
80.00000000   0.35893536
80.64516129   0.36824178
81.30081301   0.37831536
81.96721311   0.38845776
82.64462810   0.39801653
83.33333333   0.40645205
84.03361345   0.41642439
84.74576271   0.42184442
85.47008547   0.42585192
86.20689655   0.42872413
86.95652174   0.43075524
87.71929825   0.43215459
88.49557522   0.43299173
89.28571429   0.43319179
90.09009009   0.43256835
90.90909091   0.43087709
91.74311927   0.42887506
92.59259259   0.42437380
93.45794393   0.41827784
94.33962264   0.41060319
95.23809524   0.40147539
96.15384615   0.39111007
97.08737864   0.37978277
98.03921569   0.36779547
99.00990099   0.35544630
100.00000000   0.34300653
100.00000000   0.23400000
111.11111111   0.17900000
125.00000000   0.09600000
142.85714286   0.05500000
166.66666667   0.06700000
200.00000000   0.06650000
